### Metrics File V1.35
Metrics for KAWW001
Day: 07:00:00 to 18:59:59
Night: 19:00:00 to 06:59:59
Summer: Jun to Aug
Fall: Sep to Oct
Winter: Nov to Mar
Spring: Apr to May
Source of Interest: Aircraft
Truncated dBA (also referenced as dBT) Frequency Range: 20Hz to 1250Hz

Median Hourly Metrics (dBA), Winter (n = 144hrs)
	00h	01h	02h	03h	04h	05h	06h	07h	08h	09h	10h	11h	12h	13h	14h	15h	16h	17h	18h	19h	20h	21h	22h	23h
Lmin	21.0	19.6	19.4	19.4	19.1	19.9	16.8	18.5	18.9	18.0	20.9	22.3	22.7	24.3	23.9	22.6	24.3	23.5	23.3	24.3	21.7	20.1	19.5	20.0
L099	22.1	20.6	20.1	20.2	19.8	20.5	17.5	19.9	19.9	19.1	22.3	23.2	24.0	25.6	24.8	23.6	25.5	24.8	24.2	25.7	22.9	20.5	20.5	20.6
L090	24.5	23.0	23.0	22.0	21.2	21.7	19.6	21.7	21.3	21.0	24.0	25.3	26.2	27.6	26.4	26.4	27.4	27.1	26.9	27.6	24.7	21.4	21.5	21.9
Lnat	28.6	27.8	26.1	25.0	24.2	24.0	21.1	22.2	21.7	22.4	24.6	26.5	28.8	29.2	27.6	28.7	29.1	28.3	31.0	29.5	26.1	22.3	22.9	23.5
L050	29.0	28.4	26.4	25.2	24.9	27.2	25.4	24.0	24.1	24.9	26.8	28.3	31.1	31.3	29.8	30.5	32.0	30.5	32.4	30.9	28.0	23.3	23.4	24.4
L010	33.0	32.3	29.2	29.8	27.7	31.9	29.4	27.4	29.3	30.6	32.7	33.3	37.2	36.0	34.5	34.9	36.1	33.9	36.7	36.2	32.9	27.6	26.3	29.8
L001	36.7	36.8	35.6	35.3	33.0	37.2	40.1	40.6	36.7	38.1	41.4	40.7	41.9	42.2	39.8	38.9	40.8	37.5	42.0	41.7	39.4	35.6	38.6	39.3
Lmax	45.8	42.6	44.5	42.4	41.0	43.1	47.2	49.5	45.3	46.2	49.8	47.4	47.3	48.8	45.9	46.4	46.4	43.8	50.2	48.5	46.6	45.0	44.1	45.8
Leq	32.1	31.3	30.2	32.8	32.5	31.2	30.3	33.0	31.5	30.4	31.9	32.7	34.4	34.3	33.1	33.5	33.4	31.4	35.2	33.8	32.2	31.2	31.7	32.1

Median Hourly Metrics (dBT), Winter (n = 144hrs)
	00h	01h	02h	03h	04h	05h	06h	07h	08h	09h	10h	11h	12h	13h	14h	15h	16h	17h	18h	19h	20h	21h	22h	23h
Lmin	19.0	17.2	14.5	16.9	15.4	16.7	10.8	13.8	12.2	13.9	17.5	19.0	19.9	21.4	21.1	21.4	23.1	22.1	21.8	20.9	19.6	14.1	14.3	12.0
L099	20.2	18.1	15.2	18.4	17.0	17.5	12.0	15.2	13.3	15.1	18.9	20.5	21.1	22.9	22.2	22.6	24.5	23.2	23.2	22.6	21.0	14.9	15.3	12.9
L090	22.8	20.3	19.1	20.6	19.2	19.2	14.4	17.0	15.1	18.1	21.1	22.6	23.8	25.2	24.6	25.5	26.5	25.3	25.8	25.7	23.3	17.2	17.5	15.9
Lnat	26.7	24.9	21.5	23.9	23.0	22.5	16.8	17.5	15.5	19.6	21.9	24.1	26.7	26.9	26.2	27.6	28.0	26.4	29.7	27.8	24.9	19.4	20.0	19.6
L050	27.0	25.4	21.7	24.1	23.8	26.3	21.9	19.5	18.7	22.3	24.3	26.2	28.9	28.6	28.4	29.3	30.4	28.6	31.2	29.7	26.7	20.9	20.5	21.4
L010	31.1	29.7	26.1	28.6	26.6	30.7	28.0	22.8	24.6	28.4	30.1	31.3	35.4	33.3	32.7	33.3	34.0	32.2	35.2	34.6	31.4	26.5	23.8	28.5
L001	35.2	34.0	32.7	34.4	32.1	36.1	39.3	33.1	32.0	35.4	35.7	38.9	39.9	40.2	38.2	38.0	38.5	36.7	41.5	40.3	39.1	34.9	37.9	37.3
Lmax	44.8	41.9	43.3	41.1	39.1	40.7	46.7	46.1	39.4	42.1	48.8	45.9	44.6	48.6	44.0	46.2	41.0	42.2	50.4	46.3	44.9	44.8	42.9	43.2
Leq	28.7	27.3	25.8	28.7	29.3	28.7	27.9	31.2	27.3	27.8	29.1	30.9	32.5	32.9	31.4	31.9	31.7	30.0	33.9	32.0	30.4	29.2	29.6	29.3

Median Nighttime Frequency Metrics (dB), Winter (n = 72hrs)
	12.5Hz	15.8Hz	20Hz	25Hz	31.5Hz	40Hz	50Hz	63Hz	80Hz	100Hz	125Hz	160Hz	200Hz	250Hz	315Hz	400Hz	500Hz	630Hz	800Hz	1000Hz	1250Hz	1600Hz	2000Hz	2500Hz	3150Hz	4000Hz	5000Hz	6300Hz	8000Hz	10000Hz	12500Hz	16000Hz	20000Hz
L090	26.3	25.1	23.6	20.8	18.9	17.2	15.5	14.4	13.1	13.8	15.0	15.1	15.0	16.3	16.0	15.5	15.1	15.9	14.1	12.3	10.5	8.2	6.0	5.0	5.2	5.6	6.3	7.4	8.3	8.6	7.7	5.8	3.4
Lnat	29.3	27.6	26.0	23.3	21.1	18.8	18.2	16.8	16.4	16.4	17.3	17.9	18.0	18.9	19.1	18.7	17.8	17.8	17.1	16.1	14.4	12.2	9.5	7.6	7.1	7.1	7.1	8.1	9.3	9.4	8.6	6.5	3.7
L050	30.1	28.8	27.0	24.3	22.1	20.1	19.3	18.0	17.3	17.5	18.4	18.6	18.8	20.2	20.2	19.5	18.7	19.1	18.3	17.4	15.8	13.5	10.5	8.7	7.8	7.5	7.7	8.7	9.9	10.1	9.2	7.0	4.0
L010	35.0	33.0	30.9	28.5	26.8	25.3	23.9	24.1	23.6	23.7	24.3	24.4	24.0	24.9	24.3	23.7	22.3	22.7	21.8	21.4	20.5	18.9	16.7	13.9	11.9	11.1	11.3	11.6	12.9	13.1	12.0	10.0	5.8

Median Daytime Frequency Metrics (dB), Winter (n = 72hrs)
	12.5Hz	15.8Hz	20Hz	25Hz	31.5Hz	40Hz	50Hz	63Hz	80Hz	100Hz	125Hz	160Hz	200Hz	250Hz	315Hz	400Hz	500Hz	630Hz	800Hz	1000Hz	1250Hz	1600Hz	2000Hz	2500Hz	3150Hz	4000Hz	5000Hz	6300Hz	8000Hz	10000Hz	12500Hz	16000Hz	20000Hz
L090	29.1	27.8	26.0	23.3	21.2	19.0	17.5	16.4	15.9	16.5	17.2	17.6	18.4	19.7	19.1	18.6	16.7	17.2	16.0	14.4	12.7	10.3	8.7	7.8	7.5	7.4	7.5	8.3	9.1	8.7	7.5	5.7	3.5
Lnat	31.1	29.5	27.5	24.9	22.6	20.6	19.2	18.1	17.4	18.2	18.9	19.5	20.0	21.0	20.8	20.2	18.6	19.1	18.6	17.5	15.7	12.9	10.7	9.7	9.1	8.6	8.3	9.2	10.3	9.9	8.4	6.3	3.6
L050	33.3	31.7	29.7	26.9	24.5	22.5	21.3	20.6	21.0	20.6	20.9	21.8	22.5	23.3	22.5	22.3	21.1	21.6	21.0	20.4	18.8	16.1	13.7	12.7	12.1	11.5	10.7	11.4	12.4	11.7	10.2	7.4	4.1
L010	39.7	37.0	34.6	32.1	30.0	28.5	27.5	26.4	26.6	26.8	27.6	27.8	27.8	28.0	27.1	26.8	24.9	25.0	24.5	24.6	24.2	22.3	20.1	18.6	18.2	17.8	17.4	17.5	18.7	17.6	15.7	12.0	7.2

Ambient (dBA), Winter (n = 144hrs)
	Lmin	L099	L090	Lnat	L050	L010	L001	Lmax	Leq
Day	22.6	23.8	25.8	27.4	29.4	34.0	40.2	47.4	33.1
Night	20.6	21.6	23.3	26.0	26.8	31.1	37.8	44.6	31.9

Ambient (dBT), Winter (n = 144hrs)
	Lmin	L099	L090	Lnat	L050	L010	L001	Lmax	Leq
Day	20.0	21.1	23.4	25.5	28.0	32.4	37.7	44.9	31.3
Night	17.1	18.7	21.5	24.2	25.1	29.3	36.3	42.8	29.2

Time Above (%), Winter (n = 144hrs)
	35dBA	45dBA	52dBA	60dBA
Day	12.19	0.26	0.02	0.00
Night	8.29	0.16	0.00	0.00

Time Above (%), Winter (n = 144hrs)
	35dBT	45dBT	52dBT	60dBT
Day	7.35	0.16	0.03	0.00
Night	3.51	0.05	0.00	0.00

L90 Contour Data (dB), Winter (n = 144hrs)
	12.5Hz	15.8Hz	20Hz	25Hz	31.5Hz	40Hz	50Hz	63Hz	80Hz	100Hz	125Hz	160Hz	200Hz	250Hz	315Hz	400Hz	500Hz	630Hz	800Hz	1000Hz	1250Hz	1600Hz	2000Hz	2500Hz	3150Hz	4000Hz	5000Hz	6300Hz	8000Hz	10000Hz	12500Hz	16000Hz	20000Hz
00h	28.0	26.6	24.9	22.1	20.0	17.6	15.8	14.1	13.4	14.6	16.5	17.0	17.1	18.1	17.8	17.3	16.5	16.8	15.5	14.0	12.1	09.6	07.4	06.1	06.7	07.3	07.6	08.5	09.5	09.3	08.2	06.3	03.7
01h	26.2	24.9	23.0	20.4	18.1	15.8	14.2	12.8	12.1	13.1	14.4	15.0	14.6	15.3	15.1	14.8	13.8	14.6	13.8	12.1	10.3	07.8	05.8	05.5	05.8	06.3	06.7	07.7	08.8	08.7	07.7	06.0	03.5
02h	25.8	24.5	22.9	20.5	18.4	16.4	15.1	13.9	12.7	13.4	14.5	14.4	13.9	14.3	13.6	13.5	13.3	14.1	12.3	09.7	09.6	07.7	05.4	04.6	05.1	05.3	05.8	06.8	07.7	07.7	06.6	05.3	03.2
03h	25.6	24.2	22.7	20.0	17.5	15.1	13.8	11.6	10.8	11.3	12.7	13.6	13.7	14.7	14.8	14.6	14.1	15.1	14.3	12.5	09.5	06.3	04.4	03.9	04.3	05.2	06.1	07.3	08.2	07.9	06.8	05.4	03.2
04h	25.4	24.1	22.8	20.3	18.3	16.3	15.4	13.4	13.2	11.6	12.3	12.6	12.7	13.7	13.4	13.2	13.1	14.2	12.9	10.5	07.8	05.8	04.5	04.6	05.2	06.0	06.6	07.5	08.5	08.5	07.8	06.2	03.6
05h	26.6	25.5	23.3	21.0	18.8	16.7	15.5	14.6	14.1	12.8	13.8	14.1	14.2	15.5	15.4	14.6	13.2	13.0	11.3	09.8	08.1	06.4	05.0	04.5	04.7	05.5	06.4	07.5	08.5	08.5	07.8	06.3	03.8
06h	25.6	24.5	22.5	19.1	17.1	14.9	12.7	11.2	10.6	09.8	08.9	08.7	08.2	09.2	08.7	08.2	07.9	08.0	07.0	06.1	05.6	05.2	04.0	03.9	04.4	05.2	06.1	07.4	08.7	08.8	08.0	06.5	04.0
07h	26.9	25.9	24.1	20.9	18.7	16.2	13.9	12.1	12.9	12.3	10.6	11.5	11.8	11.4	10.3	10.2	09.9	10.6	10.1	08.9	07.5	06.7	04.7	04.2	04.8	05.7	06.7	08.1	09.8	10.4	09.8	08.0	04.8
08h	28.0	26.7	24.6	21.6	19.4	16.8	14.5	13.0	12.3	13.2	11.0	12.1	13.5	12.6	11.7	11.0	07.4	06.7	05.4	04.8	04.7	05.2	05.9	05.3	05.8	06.3	06.8	07.9	09.2	09.4	08.6	06.9	04.1
09h	28.8	27.6	25.6	22.5	20.6	18.3	16.1	14.6	13.7	13.6	13.0	14.3	15.0	15.0	14.0	13.6	11.1	10.4	08.6	06.5	04.4	03.7	04.1	05.0	06.1	06.7	07.4	08.5	10.0	10.2	09.4	07.5	04.4
10h	29.6	28.4	26.6	23.8	21.6	19.4	17.2	16.0	15.3	15.8	16.0	17.4	19.1	18.4	17.4	16.4	13.6	12.5	10.8	08.8	06.6	05.6	05.7	06.4	06.5	06.4	06.6	07.5	08.5	08.3	07.4	05.9	03.6
11h	29.7	28.6	26.9	24.0	22.3	20.2	18.5	17.3	16.0	17.7	17.1	18.2	19.9	19.7	18.5	17.9	15.4	14.1	12.4	10.5	08.9	07.8	07.3	07.6	07.9	07.4	07.3	07.6	08.3	08.0	06.9	05.6	03.4
12h	31.3	29.9	28.2	25.5	23.6	21.5	20.0	18.7	18.7	20.0	18.6	19.4	20.3	20.5	19.7	18.9	16.7	15.9	14.4	12.7	10.9	09.4	08.8	08.9	09.4	09.1	08.4	08.4	08.9	08.4	07.0	05.5	03.4
13h	31.0	29.7	27.9	25.4	23.5	21.7	20.2	19.3	18.9	19.4	18.8	19.8	20.6	21.2	20.8	21.0	17.6	17.0	16.3	15.0	12.8	10.6	10.1	10.0	09.7	08.6	08.0	08.3	08.9	08.5	07.0	05.5	03.4
14h	29.5	28.3	26.0	23.3	21.4	19.6	18.1	17.9	17.2	17.9	17.3	18.0	19.1	19.3	18.9	18.8	18.1	18.5	17.8	16.2	13.8	11.2	09.1	09.2	08.2	07.7	07.6	08.1	08.8	08.4	06.9	05.4	03.3
15h	28.8	27.6	25.9	23.3	20.8	18.8	17.1	15.7	14.9	15.6	16.8	17.5	18.1	19.5	19.6	19.2	18.7	19.3	18.9	17.3	14.9	11.8	09.5	08.7	09.0	08.8	08.6	09.0	09.7	09.1	07.7	05.9	03.6
16h	29.3	27.9	26.0	23.4	20.9	19.0	17.6	17.3	16.6	17.4	18.6	19.0	19.7	21.2	21.3	20.6	19.8	20.1	19.0	17.4	15.5	12.5	10.0	08.3	07.3	07.3	07.6	08.4	09.4	09.4	08.4	06.7	04.0
17h	28.9	27.7	25.9	23.1	20.9	19.0	17.6	17.2	16.0	17.3	18.5	19.0	19.5	20.4	20.1	19.2	18.3	18.9	18.2	17.0	14.9	12.2	09.9	07.7	06.8	06.6	06.7	07.6	08.4	08.4	07.4	05.8	03.5
18h	29.9	28.2	26.2	23.7	21.8	19.9	18.5	18.0	17.6	18.6	19.8	20.5	20.5	21.7	21.3	20.7	19.5	19.4	18.0	16.4	14.3	11.6	09.3	07.7	07.4	07.5	07.6	08.3	09.2	09.0	07.8	06.1	03.6
19h	30.3	28.6	27.1	24.6	22.7	21.4	20.5	18.9	18.0	19.1	19.9	20.0	20.0	21.1	20.7	20.0	19.2	19.5	18.6	17.0	14.9	12.2	09.4	07.6	06.8	06.7	07.0	08.1	09.3	09.3	07.9	06.0	03.5
20h	28.8	27.2	25.4	23.2	21.4	19.6	18.5	17.8	17.2	18.0	18.6	18.5	18.7	20.1	19.3	17.9	16.8	16.9	15.6	13.6	11.2	08.6	06.4	05.6	06.0	06.6	07.4	08.5	09.5	09.4	08.1	06.2	03.5
21h	26.9	26.0	24.6	22.2	20.4	18.7	16.8	14.6	13.3	12.8	13.2	13.1	13.0	14.1	13.4	12.3	10.9	10.6	09.3	08.0	06.5	05.3	04.6	04.7	05.4	06.1	07.0	08.2	09.0	08.9	07.8	06.1	03.7
22h	26.6	25.8	24.5	21.9	20.1	18.1	16.0	13.9	12.1	12.1	12.6	12.7	12.6	13.7	13.2	12.2	10.8	10.5	09.6	08.6	07.4	06.5	05.1	04.6	04.8	05.5	06.3	07.5	08.6	08.8	08.0	06.1	03.4
23h	27.4	26.3	25.1	22.5	20.5	18.0	16.0	13.9	11.9	11.7	12.6	12.1	11.7	12.7	11.7	10.6	09.2	08.9	08.0	07.3	06.7	06.5	05.3	04.6	04.7	05.3	06.0	06.9	07.9	07.9	07.0	05.8	03.5

Lnat Contour Data (dB), Winter (n = 144hrs)
	12.5Hz	15.8Hz	20Hz	25Hz	31.5Hz	40Hz	50Hz	63Hz	80Hz	100Hz	125Hz	160Hz	200Hz	250Hz	315Hz	400Hz	500Hz	630Hz	800Hz	1000Hz	1250Hz	1600Hz	2000Hz	2500Hz	3150Hz	4000Hz	5000Hz	6300Hz	8000Hz	10000Hz	12500Hz	16000Hz	20000Hz
00h	31.6	30.0	28.3	25.5	23.4	21.2	19.5	18.1	17.2	18.6	19.9	20.0	20.0	21.1	20.9	20.4	19.7	20.4	19.8	19.1	17.7	15.4	12.7	10.4	09.0	08.9	09.6	10.5	11.6	11.2	09.7	07.3	04.2
01h	29.7	28.1	26.2	23.5	21.3	19.2	17.8	15.9	14.8	15.7	17.2	17.9	17.7	18.4	18.6	18.5	17.9	18.5	18.4	17.9	16.5	14.7	11.8	09.6	08.3	07.9	08.2	09.1	10.3	10.2	09.0	06.9	04.0
02h	29.0	27.5	25.8	23.1	21.0	19.1	18.1	16.8	15.7	15.6	16.3	16.3	15.9	16.3	15.7	15.2	15.0	16.2	15.5	13.6	12.6	11.8	09.5	07.4	07.0	06.9	06.9	07.5	08.4	08.3	07.2	05.7	03.4
03h	29.3	27.5	25.7	22.9	20.4	17.9	16.8	14.8	13.9	14.6	16.2	17.3	17.3	18.0	18.1	18.1	17.5	17.9	17.2	16.1	14.0	10.9	08.3	06.8	06.1	06.3	06.8	08.0	09.4	09.1	07.6	05.8	03.5
04h	28.1	26.5	25.1	22.4	20.7	18.6	17.7	16.4	16.9	14.9	15.5	16.0	16.0	16.9	16.8	16.5	16.2	17.3	16.9	15.4	12.8	09.5	06.9	05.7	05.7	06.4	07.3	08.4	09.3	09.2	08.2	06.5	03.8
05h	29.0	27.7	25.6	23.0	20.8	18.7	17.4	16.5	16.3	15.1	16.3	16.8	17.0	18.4	18.4	17.8	16.7	16.5	15.0	13.6	12.0	09.5	07.1	05.6	05.5	06.0	06.9	08.1	09.1	09.1	08.2	06.8	04.1
06h	26.9	25.7	23.6	20.1	18.1	15.8	13.6	12.2	12.2	11.3	10.4	10.3	10.3	11.6	11.7	11.4	10.8	10.7	09.4	08.2	07.5	06.9	05.2	04.6	04.8	05.5	06.5	07.7	09.1	09.5	08.7	07.1	04.3
07h	27.7	26.6	24.8	21.5	19.3	16.8	14.4	12.6	13.7	13.0	11.2	12.3	12.5	12.0	10.9	10.7	10.3	11.1	10.6	09.5	08.2	07.3	05.2	04.5	05.0	05.9	06.9	08.4	10.0	10.7	10.1	08.2	05.0
08h	28.6	27.3	25.1	22.1	19.8	17.2	14.9	13.4	12.9	13.7	11.5	12.6	14.0	13.1	12.2	11.6	08.0	07.3	06.0	05.1	05.1	05.6	06.4	05.7	06.2	06.6	07.0	08.1	09.5	09.7	08.9	07.1	04.2
09h	30.5	29.0	26.9	24.1	21.7	19.5	17.4	15.7	15.1	14.9	14.4	15.8	16.8	16.6	15.6	15.2	12.6	11.9	10.3	08.5	06.6	05.4	05.3	06.3	07.4	07.6	08.1	09.5	11.3	11.7	11.0	08.7	05.2
10h	30.8	29.4	27.5	24.7	22.3	20.1	17.9	16.8	16.2	16.7	16.8	18.3	20.0	19.1	18.1	17.2	14.4	13.4	11.8	09.9	07.8	06.6	06.6	07.2	07.4	07.2	07.2	07.9	09.0	08.6	07.7	06.2	03.7
11h	31.6	30.3	28.5	25.4	23.7	21.5	19.9	18.7	17.7	19.2	18.6	19.7	21.3	20.9	19.6	19.6	16.7	15.4	13.8	12.0	10.5	09.2	08.7	08.9	09.7	09.2	08.5	08.7	09.3	08.8	07.4	05.8	03.6
12h	34.0	32.7	30.9	28.1	26.1	24.2	22.7	21.5	21.5	22.4	21.3	22.2	22.9	23.3	22.5	22.2	19.6	18.6	17.0	15.4	14.1	12.7	11.9	11.8	12.2	12.2	10.9	10.6	11.0	10.2	08.4	06.2	03.6
13h	33.6	32.3	30.3	27.7	25.7	23.6	22.1	21.2	20.9	21.5	20.6	21.5	22.4	22.9	22.6	22.9	19.5	19.3	19.0	18.0	16.0	13.5	12.6	12.3	12.0	10.8	09.6	09.8	10.4	09.7	08.0	06.0	03.5
14h	31.1	29.7	27.5	24.7	22.7	20.9	19.3	19.2	18.7	19.5	18.6	19.4	20.8	20.7	20.5	20.3	19.6	19.8	19.3	18.1	16.1	13.3	11.1	10.8	10.2	09.5	09.0	09.4	10.1	09.5	07.8	05.8	03.4
15h	31.8	30.4	28.4	25.4	23.0	20.7	19.5	17.7	17.0	17.8	19.0	20.0	20.4	21.6	21.7	21.4	20.7	21.3	21.0	20.2	18.3	15.6	12.8	10.9	11.1	11.1	10.9	11.5	12.7	12.3	10.8	08.1	04.8
16h	30.9	29.5	27.5	24.9	22.4	20.5	19.1	18.8	18.2	18.9	20.1	20.7	21.3	22.6	22.6	22.0	21.1	21.5	20.8	19.7	18.2	15.6	12.7	10.6	09.3	08.8	08.7	09.5	10.6	10.6	09.5	07.4	04.4
17h	30.3	29.0	27.0	24.2	22.0	20.0	18.8	18.4	17.3	18.5	19.8	20.3	20.7	21.4	21.0	20.2	19.4	19.9	19.5	18.6	16.8	14.1	11.5	09.5	08.2	07.6	07.4	08.0	08.9	08.8	07.7	06.2	03.7
18h	32.8	30.9	28.8	26.3	24.4	22.6	21.3	20.7	20.2	21.3	22.6	23.3	23.6	24.7	24.6	24.2	23.2	23.1	22.3	21.6	20.2	17.8	15.1	12.5	11.0	10.3	10.2	10.3	10.9	10.7	09.2	06.9	03.9
19h	32.8	30.9	29.2	26.7	24.6	23.3	22.3	21.4	20.5	21.4	22.0	22.2	22.0	23.3	22.8	22.2	21.3	21.7	20.6	19.3	17.7	15.2	12.4	10.3	09.3	08.6	08.7	09.5	10.7	10.7	09.2	06.8	03.8
20h	30.8	28.9	26.9	24.6	22.8	21.0	19.8	19.0	18.5	19.2	19.6	19.6	19.9	21.3	20.6	19.4	18.6	18.8	17.6	15.8	13.8	11.0	08.4	07.0	06.9	07.4	08.2	09.4	10.7	10.6	09.2	07.0	04.0
21h	28.9	27.8	26.3	23.8	21.8	20.1	18.3	16.2	14.9	14.6	15.0	15.1	15.0	15.9	15.1	14.0	12.6	12.6	11.5	10.5	08.8	06.9	05.6	05.3	06.0	06.8	07.6	09.0	09.9	09.8	08.6	06.6	03.8
22h	29.3	28.3	26.8	24.0	22.1	20.0	18.1	16.1	14.4	14.3	14.9	14.8	14.9	15.9	15.3	14.3	13.3	13.4	12.5	11.9	10.3	08.4	06.8	05.9	05.7	06.1	06.9	08.1	09.5	09.8	09.0	07.1	03.9
23h	29.9	28.6	27.2	24.4	22.4	20.5	18.3	16.6	14.7	14.4	15.9	15.2	15.0	16.2	15.5	14.3	13.2	12.9	11.5	10.7	09.4	08.3	07.6	06.6	06.3	06.4	06.9	07.8	08.9	08.8	07.8	06.1	03.7

L50 Contour Data (dB), Winter (n = 144hrs)
	12.5Hz	15.8Hz	20Hz	25Hz	31.5Hz	40Hz	50Hz	63Hz	80Hz	100Hz	125Hz	160Hz	200Hz	250Hz	315Hz	400Hz	500Hz	630Hz	800Hz	1000Hz	1250Hz	1600Hz	2000Hz	2500Hz	3150Hz	4000Hz	5000Hz	6300Hz	8000Hz	10000Hz	12500Hz	16000Hz	20000Hz
00h	32.0	30.3	28.6	25.9	23.8	21.7	19.9	18.5	17.7	18.9	20.3	20.4	20.4	21.4	21.3	20.8	20.0	20.7	20.1	19.5	18.3	15.9	13.3	10.9	09.4	09.1	09.7	10.7	11.9	11.6	10.0	07.4	04.3
01h	30.1	28.5	26.6	23.9	21.7	19.7	18.2	16.2	15.2	16.1	17.7	18.4	18.2	19.0	19.1	19.0	18.5	18.9	18.9	18.4	17.1	15.2	12.6	10.2	08.9	08.3	08.4	09.3	10.5	10.4	09.2	07.0	04.2
02h	29.4	27.9	26.2	23.4	21.4	19.4	18.4	17.2	16.0	16.1	16.7	16.6	16.3	16.7	16.1	15.6	15.2	16.5	15.8	13.9	13.0	12.2	10.0	07.8	07.3	07.3	07.1	07.8	08.5	08.5	07.4	05.8	03.4
03h	29.5	27.6	25.8	23.0	20.5	18.1	16.9	15.0	14.0	14.8	16.3	17.5	17.5	18.2	18.3	18.3	17.7	18.1	17.4	16.2	14.3	11.2	08.5	07.0	06.2	06.4	06.9	08.1	09.5	09.2	07.6	05.9	03.5
04h	29.1	27.5	26.1	23.2	21.6	19.8	18.7	17.8	18.2	16.3	16.4	17.1	17.2	18.2	18.0	17.3	16.8	18.0	17.7	16.4	13.9	10.6	07.8	06.3	06.1	06.7	07.5	08.8	09.8	09.6	08.5	06.8	04.0
05h	30.7	29.2	27.2	24.8	22.8	21.1	20.1	19.2	18.0	18.8	20.3	21.0	20.9	21.9	21.7	21.2	19.9	19.7	18.5	17.4	15.8	13.2	10.2	07.8	06.8	06.7	07.4	08.6	09.6	09.6	08.6	07.1	04.2
06h	29.7	28.0	25.7	22.5	21.0	18.8	17.4	17.3	17.5	16.1	15.6	15.9	15.6	16.1	15.9	15.7	15.0	15.2	14.6	13.9	13.4	11.7	09.0	07.8	07.2	06.8	07.2	08.6	10.3	11.0	10.4	08.5	05.2
07h	30.3	29.0	27.1	23.8	21.4	18.8	16.5	14.8	16.1	16.3	13.6	15.0	15.6	14.5	13.6	13.6	11.9	12.9	12.8	12.2	10.8	09.4	07.0	06.0	06.2	07.0	07.9	09.5	11.3	12.0	11.6	09.4	05.8
08h	31.9	30.3	28.0	24.8	22.3	19.5	17.2	16.0	16.2	16.8	14.5	15.7	17.2	16.1	15.5	15.0	11.7	11.0	09.9	08.9	07.7	07.8	08.6	09.4	09.1	09.0	09.1	10.4	12.0	12.3	11.5	09.1	05.6
09h	32.5	31.0	28.7	25.9	23.3	21.1	19.1	17.5	17.0	17.0	17.1	18.6	19.6	19.0	17.9	17.9	14.8	14.4	13.6	12.3	10.5	08.7	08.6	09.4	10.2	09.7	09.8	11.4	13.5	14.1	13.6	10.8	06.9
10h	33.4	31.8	29.8	27.0	24.4	22.2	20.2	19.1	18.5	19.1	19.4	21.1	22.5	21.6	20.7	19.8	16.9	16.1	14.9	13.5	11.7	10.0	09.6	10.2	10.9	10.1	09.5	10.1	11.5	10.2	09.1	07.2	04.2
11h	34.3	32.7	30.8	27.8	26.1	23.9	22.2	21.1	20.3	21.6	21.1	22.2	23.3	23.0	21.6	22.2	18.7	17.4	15.8	14.5	13.3	12.0	11.3	11.3	11.9	12.1	11.0	11.1	11.6	10.8	08.9	06.6	03.8
12h	36.1	34.5	32.5	29.7	27.7	26.0	24.9	23.8	23.6	24.4	23.5	24.2	24.9	25.4	24.8	24.9	21.8	20.7	19.5	18.4	17.0	15.9	15.1	14.6	14.5	14.3	13.3	12.9	13.2	12.2	10.0	07.1	04.0
13h	35.8	34.3	32.3	30.0	28.2	26.3	24.7	23.7	23.5	24.0	23.0	23.8	24.5	24.9	24.5	24.9	21.4	21.4	21.3	20.7	19.3	16.6	15.2	14.8	14.5	13.6	12.3	11.9	12.3	11.4	09.4	06.8	03.8
14h	33.3	31.8	29.7	26.9	24.9	22.9	21.5	21.3	21.1	22.0	20.8	21.6	23.1	23.1	22.6	22.6	21.5	21.9	21.6	21.0	19.5	16.8	14.3	13.0	13.3	12.5	11.5	11.7	12.4	11.7	09.7	06.9	03.8
15h	33.6	31.9	29.8	27.0	24.5	22.3	21.4	20.6	20.1	20.8	20.6	21.7	22.3	23.1	22.9	22.8	22.2	22.7	22.6	22.1	21.1	18.6	15.6	13.3	13.4	13.3	12.5	13.1	14.3	13.8	12.1	09.1	05.5
16h	33.3	31.5	29.5	26.8	24.4	22.6	21.3	20.9	20.6	21.0	22.4	23.1	23.6	24.8	24.6	23.9	23.0	23.4	23.3	22.8	21.6	19.3	16.5	13.9	12.5	11.6	10.9	11.8	13.0	12.9	11.6	09.0	05.3
17h	32.6	31.1	29.1	26.3	24.1	22.2	21.0	20.9	19.9	21.0	22.2	22.8	22.9	23.5	23.0	22.3	21.3	21.8	21.5	21.0	20.0	17.4	14.5	13.1	11.5	10.4	09.6	09.8	10.4	10.2	08.9	06.8	03.9
18h	34.1	32.2	30.2	27.7	25.8	24.1	22.9	22.2	21.7	22.8	24.1	24.9	25.3	26.3	26.2	25.6	24.6	24.6	23.8	23.0	21.9	19.9	17.1	14.4	12.5	11.7	11.6	12.2	12.7	11.8	10.3	07.7	04.3
19h	34.4	32.5	30.6	28.1	26.1	24.7	23.8	23.3	22.2	23.0	23.5	23.8	23.6	24.8	24.5	24.0	23.0	23.1	22.1	21.1	19.8	17.5	14.9	12.5	11.1	10.6	10.5	11.5	12.7	11.9	10.2	07.6	04.2
20h	33.0	31.0	28.7	26.3	24.5	22.7	21.3	20.7	20.0	20.7	21.0	21.1	21.4	22.9	22.1	21.0	20.1	20.4	19.5	18.1	16.6	14.0	11.2	09.3	08.5	08.3	08.9	10.3	11.9	12.0	10.5	07.9	04.4
21h	30.6	29.3	27.7	25.1	23.1	21.5	19.8	17.9	16.5	16.7	16.8	16.9	16.8	17.2	16.6	15.5	14.1	14.1	13.0	12.1	10.6	08.5	06.8	06.1	06.5	07.2	08.2	09.8	11.2	11.1	09.7	07.3	04.1
22h	30.1	29.0	27.4	24.6	22.8	20.7	19.1	17.2	15.5	15.3	15.6	15.5	15.6	16.4	15.9	14.9	13.8	13.9	13.2	12.4	11.1	09.1	07.4	06.4	06.1	06.4	07.1	08.4	09.8	10.2	09.5	07.6	04.2
23h	30.9	29.6	28.1	25.3	23.3	21.4	19.7	17.8	16.0	15.8	17.5	16.7	16.7	17.8	16.9	15.7	14.6	14.6	13.2	12.3	10.9	09.3	08.5	07.4	07.0	07.0	07.4	08.4	09.6	09.5	08.4	06.5	03.8

L05 Contour Data (dB), Winter (n = 144hrs)
	12.5Hz	15.8Hz	20Hz	25Hz	31.5Hz	40Hz	50Hz	63Hz	80Hz	100Hz	125Hz	160Hz	200Hz	250Hz	315Hz	400Hz	500Hz	630Hz	800Hz	1000Hz	1250Hz	1600Hz	2000Hz	2500Hz	3150Hz	4000Hz	5000Hz	6300Hz	8000Hz	10000Hz	12500Hz	16000Hz	20000Hz
00h	37.7	35.2	33.2	30.7	28.8	26.8	25.7	24.6	23.7	23.9	25.0	25.6	25.8	26.2	25.9	25.5	24.7	25.2	24.8	24.9	24.4	22.8	21.0	18.1	16.0	15.1	14.3	14.6	15.6	15.4	13.8	10.7	06.4
01h	36.6	34.2	32.0	30.0	28.4	25.9	24.3	23.1	21.5	22.0	24.0	24.9	24.7	25.2	25.0	24.8	24.1	24.0	23.7	23.6	23.0	21.3	19.6	16.8	14.9	14.1	13.3	13.6	14.3	14.2	13.0	10.9	06.5
02h	35.9	35.2	33.3	31.3	29.7	28.1	25.8	23.8	22.5	23.5	24.9	24.3	25.0	25.8	24.0	22.9	20.4	20.8	20.3	19.9	19.0	17.2	15.5	12.8	11.2	11.1	11.3	12.4	13.2	12.9	11.8	09.3	05.3
03h	37.6	34.7	32.0	30.0	28.1	26.2	24.5	22.4	21.7	22.3	23.7	24.0	23.4	24.0	23.9	23.7	22.8	23.1	23.2	22.8	22.1	19.7	17.1	15.1	13.8	12.7	12.4	12.8	13.8	13.6	13.0	09.5	05.5
04h	35.4	33.9	32.0	30.2	29.0	27.3	25.9	25.4	24.9	24.9	25.4	25.4	24.6	24.1	23.3	22.7	21.5	21.1	20.9	20.4	19.3	16.6	14.3	12.1	10.7	10.3	10.4	11.5	13.0	13.6	12.7	09.8	06.0
05h	37.1	35.6	34.3	32.4	31.3	29.7	28.5	28.4	28.6	29.6	30.2	30.0	28.6	28.8	27.2	25.9	24.7	24.7	24.2	24.2	23.9	22.1	19.8	17.0	14.4	13.1	12.4	13.1	14.1	14.6	13.6	11.1	06.7
06h	37.4	34.9	32.6	30.5	28.1	26.9	26.5	28.3	25.6	27.2	28.0	29.4	28.2	28.5	27.5	26.6	22.9	22.5	21.7	21.0	20.2	18.2	16.2	16.2	14.8	14.0	12.5	13.3	14.5	14.3	13.9	11.5	07.5
07h	34.3	32.9	30.8	28.2	25.9	24.1	23.0	22.4	23.0	23.5	21.0	23.1	24.3	21.4	20.5	19.5	16.2	16.0	16.6	16.4	15.3	14.6	15.6	17.3	16.6	14.6	11.8	13.7	16.0	16.8	16.3	13.7	09.5
08h	42.1	39.4	35.7	32.6	29.5	27.3	24.8	26.1	27.4	25.7	22.9	24.9	23.6	22.7	23.2	21.9	18.9	19.4	19.7	19.5	18.0	16.8	17.5	19.3	18.6	17.9	17.2	18.1	19.9	19.7	18.7	15.5	10.8
09h	42.4	38.7	35.2	31.9	29.0	27.3	25.8	24.9	23.9	24.8	25.4	26.6	27.0	26.2	25.5	24.9	22.8	22.3	21.8	21.2	20.2	18.0	17.3	18.4	18.6	17.2	16.7	17.9	20.5	20.6	20.1	17.1	11.9
10h	42.7	39.4	36.5	33.7	31.4	30.1	28.8	27.5	27.0	28.5	28.7	29.6	29.3	28.2	27.4	27.2	25.0	24.6	23.9	23.5	23.2	21.6	20.6	19.8	19.6	19.3	17.9	19.3	20.6	17.8	16.4	13.7	08.7
11h	44.0	41.0	38.6	36.0	33.8	32.2	31.3	29.9	28.7	30.3	29.8	30.2	30.4	30.1	29.0	28.9	26.1	25.0	24.1	23.5	23.1	21.6	20.2	19.5	19.6	19.7	19.4	19.2	19.7	19.0	16.5	12.3	07.6
12h	48.1	45.0	41.5	38.1	35.3	33.1	32.0	30.7	30.2	31.3	31.4	31.7	32.0	32.3	32.1	31.9	29.7	28.0	27.0	26.5	25.9	25.1	24.2	23.2	22.9	22.6	22.2	22.9	25.0	22.8	20.7	16.5	10.8
13h	46.7	43.9	41.4	39.7	39.0	37.0	34.9	34.0	33.5	34.4	33.1	33.4	32.9	31.7	30.5	30.9	27.9	27.8	27.1	26.7	26.2	24.9	23.6	22.7	22.3	22.0	22.0	21.5	21.8	20.8	18.0	13.6	08.3
14h	45.3	41.7	38.7	35.4	33.6	30.7	29.5	28.6	28.1	28.8	29.5	29.8	30.4	29.9	29.5	29.5	26.9	26.5	26.6	26.7	26.5	24.7	22.4	21.1	21.3	20.7	19.8	20.0	21.0	20.2	17.7	13.5	08.3
15h	42.0	39.1	36.5	34.6	33.2	32.1	30.5	29.9	30.9	31.3	30.4	31.0	31.0	30.7	28.6	27.8	26.7	27.0	27.0	27.3	27.5	25.9	23.6	21.1	19.6	19.3	19.0	19.7	20.9	20.3	18.3	14.1	09.1
16h	42.7	39.1	36.7	34.2	31.5	29.7	28.8	29.1	30.2	30.1	30.8	30.1	30.4	31.0	30.1	29.4	28.6	28.1	27.6	28.0	28.1	27.0	25.1	22.9	21.5	20.1	19.2	19.4	20.2	20.1	18.8	15.3	10.2
17h	38.4	36.4	34.3	32.3	30.7	29.5	28.9	27.8	28.2	28.2	29.9	29.4	29.8	29.5	28.2	27.4	25.9	25.8	25.5	25.8	25.7	24.1	21.5	19.0	18.0	18.0	17.8	17.9	18.8	18.1	15.4	10.7	05.9
18h	43.1	39.9	37.4	34.6	33.0	31.7	31.0	29.9	29.0	30.3	31.8	32.7	32.4	32.4	32.2	31.7	29.9	29.3	28.3	28.1	27.9	26.8	25.1	22.7	21.0	19.9	19.8	20.9	22.5	22.0	19.4	14.6	08.6
19h	44.7	41.8	39.0	36.8	35.1	33.0	31.8	30.3	29.3	30.3	30.3	30.4	30.5	31.9	31.0	30.4	29.0	28.8	27.6	27.2	26.9	25.8	23.9	21.8	20.3	19.8	19.6	20.7	22.1	21.5	19.7	14.6	08.6
20h	42.1	39.0	35.9	33.2	31.5	30.5	29.4	28.2	27.6	28.3	28.4	28.5	28.7	29.6	28.1	26.8	25.3	25.5	25.1	24.9	24.3	22.6	20.4	18.2	17.0	16.5	16.5	17.8	18.8	18.0	15.5	12.1	07.0
21h	38.3	36.5	35.0	33.4	32.2	31.2	29.1	28.4	28.3	28.3	28.8	28.3	27.5	26.1	23.6	22.8	21.2	21.2	20.5	19.5	18.3	16.2	13.6	11.7	11.2	10.9	11.6	13.6	15.1	15.6	15.0	12.0	06.9
22h	35.5	33.8	31.9	29.9	27.9	26.2	24.8	24.3	22.9	23.0	24.3	25.0	24.6	24.2	21.5	19.5	17.8	17.6	16.9	16.4	15.6	14.0	12.4	10.9	10.2	10.0	10.6	12.3	13.7	14.0	13.3	10.8	06.7
23h	37.2	35.0	33.6	32.5	30.8	29.3	28.4	27.8	27.0	27.7	28.8	27.6	26.7	26.5	25.6	24.1	22.6	22.9	22.2	22.0	21.3	19.3	16.8	14.3	12.4	11.5	11.9	13.6	15.3	15.2	14.2	11.2	06.7

Listening Center Detailed Event Audibility (%), Winter (n = 8 days)
Src	00h	01h	02h	03h	04h	05h	06h	07h	08h	09h	10h	11h	12h	13h	14h	15h	16h	17h	18h	19h	20h	21h	22h	23h
1	1.2	0.0	0.0	0.0	0.4	1.7	0.0	0.0	0.4	0.0	0.4	0.8	0.0	0.8	0.4	0.0	0.0	0.0	0.4	0.4	0.4	1.2	0.0	0.4
1.1	4.6	5.0	5.0	1.7	8.3	9.2	6.7	2.5	1.7	6.7	10.4	6.2	8.7	10.4	3.3	7.9	3.8	12.5	5.0	9.2	9.6	11.7	8.7	9.2
1.2	1.7	0.0	0.0	0.0	0.8	7.9	7.1	0.8	6.7	0.4	2.1	2.1	4.2	5.4	0.8	1.7	10.8	0.0	4.6	2.5	1.2	5.4	0.0	0.0
2	0.0	0.8	0.8	0.4	0.4	0.0	10.0	12.1	7.1	5.8	6.2	3.3	1.2	1.2	0.0	2.1	2.1	0.4	1.2	0.0	2.5	3.8	0.0	0.0
4	0.0	0.0	0.0	0.0	7.1	12.1	26.7	35.0	33.3	26.7	35.8	22.5	11.7	16.3	35.0	20.0	28.7	31.2	20.0	14.6	18.3	10.8	7.1	13.8
6	2.1	3.8	5.0	2.1	11.3	8.7	14.2	22.9	29.2	20.4	18.8	24.2	21.2	21.2	20.8	13.8	8.7	15.4	1.7	10.8	19.2	12.9	9.2	5.4
20	1.2	2.1	2.1	0.8	0.8	1.2	0.8	0.4	2.5	2.9	2.5	4.6	1.7	0.0	0.0	0.4	0.4	0.8	0.4	0.0	0.4	1.2	2.1	3.3
21	26.7	18.8	17.5	27.5	23.7	16.3	17.5	6.7	15.0	19.2	12.9	18.8	25.4	32.9	32.1	29.6	32.5	28.7	28.3	37.9	33.3	30.8	31.2	27.5
21.1	33.7	45.0	37.9	42.9	37.9	39.6	40.8	40.4	16.7	29.2	31.2	30.8	49.6	53.3	47.5	37.9	22.9	20.8	29.2	25.8	25.4	27.1	17.1	27.5
21.2	2.5	0.0	2.9	2.5	5.4	0.0	0.0	1.7	1.2	0.0	3.3	2.1	1.7	1.7	0.8	3.3	10.4	6.7	9.2	6.2	0.4	2.5	2.9	0.4
22	12.1	12.5	12.5	12.5	12.5	10.4	11.7	12.9	12.5	12.5	6.7	7.1	5.0	1.7	2.5	12.1	12.5	12.1	12.5	11.7	4.6	0.0	0.0	0.0
22.3	49.6	47.5	35.4	42.5	39.6	29.2	16.3	19.2	25.0	26.2	23.7	26.7	27.5	18.3	26.2	19.2	17.9	14.2	13.3	11.7	17.1	16.3	17.5	21.7
24	0.0	0.0	0.0	0.0	0.0	0.0	0.0	1.7	2.5	4.6	3.3	2.1	0.0	1.7	1.7	0.0	0.0	0.4	0.0	0.0	0.0	0.0	0.0	0.4
25	2.5	1.7	3.3	4.2	4.2	6.2	23.3	47.5	55.8	52.9	62.9	40.8	37.5	44.2	25.0	20.4	9.6	7.1	7.5	5.8	5.4	7.1	3.3	12.9
29	0.4	0.4	0.4	0.4	0.0	0.4	0.8	1.2	1.7	2.1	0.4	1.2	1.2	0.0	0.4	0.0	0.4	0.0	0.4	2.1	0.8	0.0	0.4	0.0
39	2.5	3.8	2.9	6.7	5.0	4.2	3.3	9.2	7.1	9.2	4.2	9.6	9.2	8.3	9.2	5.4	4.2	3.8	3.3	6.2	3.8	7.5	6.2	10.0
39.1	46.7	40.4	28.7	40.0	40.0	37.5	25.4	18.3	26.2	35.0	37.9	47.9	50.0	53.8	50.4	63.8	59.2	40.4	65.4	56.7	56.3	47.9	49.2	54.6
40	0.4	0.8	0.8	1.7	2.9	1.2	0.0	0.4	1.2	2.9	4.6	2.1	8.3	0.4	0.8	0.0	0.0	0.4	1.7	0.4	0.4	0.8	0.0	2.1
41	0.0	0.4	0.0	0.0	0.0	0.8	0.0	1.7	2.1	0.4	1.2	0.4	0.4	0.4	0.8	0.0	0.4	0.0	0.4	0.0	0.0	0.4	4.6	2.9
41.1	0.4	0.0	0.8	0.0	1.2	0.0	0.0	0.4	0.4	0.0	0.0	0.0	0.4	0.4	1.7	1.2	2.9	0.4	0.0	1.7	0.4	0.0	0.0	0.0
41.2	12.5	12.9	23.7	18.3	24.2	24.6	25.0	25.0	20.0	23.3	23.3	19.2	10.8	8.7	7.1	12.1	12.1	16.7	20.0	23.3	22.9	24.6	20.8	22.5
41.3	0.0	0.0	0.0	0.0	0.0	0.0	0.0	0.8	1.2	0.0	5.4	4.2	0.0	0.0	0.0	0.0	0.0	0.0	0.0	0.0	0.0	0.0	0.0	0.0

Listening Center Categorical Event Audibility, Winter (n = 8 days)
Src	00h	01h	02h	03h	04h	05h	06h	07h	08h	09h	10h	11h	12h	13h	14h	15h	16h	17h	18h	19h	20h	21h	22h	23h
1	7.5	5.0	5.0	1.7	9.6	18.8	13.8	3.3	8.7	7.1	12.9	9.2	12.9	16.7	4.6	9.6	14.6	12.5	10.0	12.1	11.3	18.3	8.7	9.6
2	0.0	0.8	0.8	0.4	0.4	0.0	10.0	12.1	7.1	5.8	6.2	3.3	1.2	1.2	0.0	2.1	2.1	0.4	1.2	0.0	2.5	3.8	0.0	0.0
4	0.0	0.0	0.0	0.0	7.1	12.1	26.7	35.0	33.3	26.7	35.8	22.5	11.7	16.3	35.0	20.0	28.7	31.2	20.0	14.6	18.3	10.8	7.1	13.8
6	2.1	3.8	5.0	2.1	11.3	8.7	14.2	22.9	29.2	20.4	18.8	24.2	21.2	21.2	20.8	13.8	8.7	15.4	1.7	10.8	19.2	12.9	9.2	5.4
20	1.2	2.1	2.1	0.8	0.8	1.2	0.8	0.4	2.5	2.9	2.5	4.6	1.7	0.0	0.0	0.4	0.4	0.8	0.4	0.0	0.4	1.2	2.1	3.3
21	60.0	56.7	56.7	62.9	57.9	48.3	52.9	48.3	32.9	45.0	44.6	50.8	71.7	80.0	74.2	70.4	65.8	56.3	66.3	70.0	59.2	60.4	51.3	55.4
22	61.7	60.0	47.9	55.0	52.1	39.6	27.9	31.7	37.5	38.8	30.4	33.7	32.5	20.0	28.7	31.2	30.4	26.2	25.8	23.3	21.7	16.3	17.5	21.7
24	0.0	0.0	0.0	0.0	0.0	0.0	0.0	1.7	2.5	4.6	3.3	2.1	0.0	1.7	1.7	0.0	0.0	0.4	0.0	0.0	0.0	0.0	0.0	0.4
25	2.5	1.7	3.3	4.2	4.2	6.2	23.3	47.5	55.8	52.9	62.9	40.8	37.5	44.2	25.0	20.4	9.6	7.1	7.5	5.8	5.4	7.1	3.3	12.9
29	0.4	0.4	0.4	0.4	0.0	0.4	0.8	1.2	1.7	2.1	0.4	1.2	1.2	0.0	0.4	0.0	0.4	0.0	0.4	2.1	0.8	0.0	0.4	0.0
39	48.3	44.2	30.8	45.8	44.6	41.3	28.7	25.4	32.9	42.9	41.7	56.3	56.7	60.4	55.8	66.3	62.1	43.3	67.9	61.3	58.3	50.8	52.5	62.1
40	0.4	0.8	0.8	1.7	2.9	1.2	0.0	0.4	1.2	2.9	4.6	2.1	8.3	0.4	0.8	0.0	0.0	0.4	1.7	0.4	0.4	0.8	0.0	2.1
41	12.9	13.3	24.6	18.3	25.4	24.6	25.0	27.9	23.7	23.7	30.0	23.7	11.7	9.6	9.6	13.3	15.4	17.1	20.4	24.6	23.3	25.0	25.4	25.4

Time Audible (%), Winter (n = 8)
	00h	01h	02h	03h	04h	05h	06h	07h	08h	09h	10h	11h	12h	13h	14h	15h	16h	17h	18h	19h	20h	21h	22h	23h
Total	10.8	11.7	12.9	5.0	27.1	37.5	60.0	67.1	71.3	53.3	64.2	53.8	37.9	46.7	53.3	43.3	52.1	57.1	32.5	37.5	49.6	44.2	24.6	30.4
SoI	7.5	5.0	5.0	1.7	9.6	18.8	13.8	3.3	8.7	7.1	12.9	9.2	12.9	16.7	4.6	9.6	14.6	12.5	10.0	12.1	11.3	18.3	8.7	9.6
SoI Excluded	3.3	6.7	7.9	3.3	19.2	22.1	49.6	65.8	62.9	50.0	55.8	47.1	30.4	34.2	49.6	34.6	39.6	45.8	23.3	25.4	40.4	27.5	17.1	21.7

