### Metrics File V1.35
Metrics for KAWW002
Day: 07:00:00 to 18:59:59
Night: 19:00:00 to 06:59:59
Summer: Jun to Aug
Fall: Sep to Oct
Winter: Nov to Mar
Spring: Apr to May
Source of Interest: Aircraft
Truncated dBA (also referenced as dBT) Frequency Range: 20Hz to 1250Hz

Median Hourly Metrics (dBA), Winter (n = 192hrs)
	00h	01h	02h	03h	04h	05h	06h	07h	08h	09h	10h	11h	12h	13h	14h	15h	16h	17h	18h	19h	20h	21h	22h	23h
Lmin	14.7	15.0	15.0	15.4	14.7	14.6	14.8	14.6	14.7	14.9	15.3	18.7	21.2	20.4	21.0	18.8	17.3	16.3	15.5	15.6	16.0	15.6	15.2	15.5
L099	14.8	15.2	15.1	15.5	14.8	14.7	14.8	14.7	14.8	15.1	15.6	19.4	22.2	21.2	21.5	19.9	18.0	16.5	15.7	15.7	16.2	15.8	15.3	15.6
L090	14.9	15.4	15.4	15.7	15.0	14.8	15.1	14.9	15.0	15.7	17.4	22.1	25.3	22.7	23.1	22.3	19.3	17.4	16.2	16.1	16.6	16.0	15.6	16.2
Lnat	15.4	16.6	16.7	16.5	15.5	14.9	15.5	15.2	15.2	15.9	17.7	23.1	27.3	24.3	23.8	23.1	19.5	17.8	16.4	17.3	17.1	16.5	15.9	16.9
L050	15.4	16.8	17.0	17.5	15.9	15.3	15.9	16.2	15.4	17.4	23.0	27.6	31.0	29.6	27.1	27.4	24.1	22.5	19.3	19.3	18.3	17.0	16.1	17.4
L010	17.1	19.3	21.0	20.8	22.8	22.7	18.2	21.9	21.7	27.0	34.9	38.1	39.2	36.5	34.7	35.8	33.4	34.4	32.7	30.0	24.8	22.9	19.6	20.6
L001	23.7	27.2	30.9	34.3	30.9	35.4	29.9	37.5	33.3	41.7	42.4	43.0	44.0	44.2	42.9	43.5	41.9	42.8	45.7	42.7	35.0	40.7	33.3	32.6
Lmax	36.4	35.9	40.6	40.5	37.9	48.2	39.8	50.6	45.5	50.9	51.5	50.2	49.5	49.6	50.3	50.3	47.8	47.8	55.6	49.5	44.5	46.7	42.5	41.4
Leq	20.5	21.8	24.1	23.6	25.1	25.0	21.2	28.9	26.6	33.5	37.2	36.3	39.2	36.6	35.9	33.7	32.1	32.8	36.2	34.1	30.7	28.5	25.4	32.5

Median Hourly Metrics (dBT), Winter (n = 192hrs)
	00h	01h	02h	03h	04h	05h	06h	07h	08h	09h	10h	11h	12h	13h	14h	15h	16h	17h	18h	19h	20h	21h	22h	23h
Lmin	6.2	6.3	7.7	8.0	6.7	5.7	5.5	5.8	6.2	6.4	6.8	10.9	13.9	18.1	17.3	15.3	10.3	9.1	8.6	9.1	8.6	8.2	8.2	8.5
L099	6.5	6.6	8.0	8.4	7.0	6.0	5.7	6.0	6.6	6.9	7.4	12.1	16.4	19.0	18.6	16.6	11.4	9.8	9.1	9.5	9.3	8.5	8.6	8.8
L090	7.0	7.3	8.7	9.2	7.6	6.4	6.1	6.4	7.3	8.0	9.3	15.6	21.2	20.8	21.2	19.1	15.1	11.7	11.0	10.7	10.6	9.0	9.1	10.0
Lnat	8.5	11.0	11.1	11.7	9.4	6.9	6.3	7.0	8.0	8.4	9.7	17.2	24.0	22.1	21.9	19.7	15.3	12.7	11.7	13.9	12.2	10.0	9.7	11.7
L050	8.6	11.4	11.8	13.3	10.3	8.7	7.0	7.8	8.5	11.9	17.6	23.2	28.5	27.6	24.8	25.6	21.9	21.5	17.2	17.1	15.7	11.0	10.2	12.7
L010	13.0	16.5	19.7	18.9	21.5	21.3	12.7	15.9	15.2	25.8	32.4	36.1	36.6	34.6	33.9	34.7	32.1	34.0	32.5	29.7	23.9	21.3	17.1	16.1
L001	22.9	26.3	29.1	34.2	30.7	35.3	26.6	34.8	32.1	40.8	42.0	42.0	42.8	42.6	41.5	41.7	40.1	41.0	45.1	41.8	34.7	40.2	33.5	32.5
Lmax	30.6	35.4	37.0	38.9	36.9	48.0	37.0	43.8	38.6	46.1	48.7	48.0	48.9	47.9	48.1	48.8	46.7	46.2	55.8	48.2	42.4	45.8	41.7	41.2
Leq	18.6	18.6	22.5	22.3	24.4	24.1	17.5	28.0	25.0	32.1	35.3	34.9	37.7	35.0	34.1	32.5	30.7	31.6	35.4	32.7	29.0	27.7	23.9	30.5

Median Nighttime Frequency Metrics (dB), Winter (n = 96hrs)
	12.5Hz	15.8Hz	20Hz	25Hz	31.5Hz	40Hz	50Hz	63Hz	80Hz	100Hz	125Hz	160Hz	200Hz	250Hz	315Hz	400Hz	500Hz	630Hz	800Hz	1000Hz	1250Hz	1600Hz	2000Hz	2500Hz	3150Hz	4000Hz	5000Hz	6300Hz	8000Hz	10000Hz	12500Hz	16000Hz	20000Hz
L090	25.6	24.0	23.3	20.6	18.3	15.5	13.2	10.8	9.2	7.2	5.5	4.9	4.5	4.0	2.9	2.0	1.1	0.2	-0.8	-1.0	-0.7	-0.2	0.6	1.5	2.5	3.4	4.4	5.4	6.1	6.5	6.1	4.7	2.8
Lnat	28.0	26.5	25.5	22.6	20.1	17.2	15.0	12.7	11.1	9.5	8.0	7.1	6.7	5.9	4.8	4.3	3.5	2.0	0.5	-0.5	-0.1	0.3	0.9	1.7	2.7	3.6	4.6	5.5	6.3	6.6	6.2	4.8	2.8
L050	29.2	27.4	26.3	23.5	21.0	18.4	16.0	14.2	12.6	11.1	8.8	7.8	7.3	6.8	5.8	5.0	4.3	2.9	1.3	-0.3	0.2	0.6	1.1	1.8	2.8	3.7	4.7	5.6	6.3	6.6	6.2	4.8	2.9
L010	32.4	31.1	30.5	28.3	26.6	23.8	22.6	21.3	20.8	20.2	17.8	16.5	15.2	14.3	12.7	10.9	10.3	8.2	6.5	5.0	3.6	3.0	2.8	3.2	3.9	4.6	5.4	6.2	7.0	7.1	6.5	5.0	3.1

Median Daytime Frequency Metrics (dB), Winter (n = 96hrs)
	12.5Hz	15.8Hz	20Hz	25Hz	31.5Hz	40Hz	50Hz	63Hz	80Hz	100Hz	125Hz	160Hz	200Hz	250Hz	315Hz	400Hz	500Hz	630Hz	800Hz	1000Hz	1250Hz	1600Hz	2000Hz	2500Hz	3150Hz	4000Hz	5000Hz	6300Hz	8000Hz	10000Hz	12500Hz	16000Hz	20000Hz
L090	27.9	26.8	25.7	23.3	21.3	18.7	16.0	13.8	12.5	11.0	9.9	9.3	9.2	8.7	7.6	7.0	6.5	4.2	2.5	1.4	1.1	1.2	1.8	2.3	3.0	3.9	4.8	5.7	6.4	6.7	6.3	5.0	3.0
Lnat	28.9	27.7	26.5	24.0	21.9	19.2	16.5	14.4	13.2	11.8	10.8	10.3	10.3	9.8	8.6	8.6	8.0	5.4	2.9	2.4	2.2	1.8	2.0	2.5	3.2	4.0	4.9	5.7	6.4	6.7	6.4	5.0	3.1
L050	31.6	30.2	28.7	26.2	24.1	21.8	19.3	17.6	18.0	16.4	15.2	14.7	16.0	15.5	14.8	14.8	14.1	12.2	10.7	9.5	7.4	5.3	4.1	4.3	4.4	5.2	5.8	6.6	7.2	7.4	6.8	5.5	3.4
L010	35.3	34.3	33.6	32.6	31.4	30.2	28.8	27.9	28.9	27.3	26.6	27.2	28.0	27.3	26.1	25.4	24.5	22.8	20.2	18.6	18.5	17.2	14.8	12.2	10.3	9.5	9.1	9.7	10.5	9.9	9.8	8.2	5.4

Ambient (dBA), Winter (n = 192hrs)
	Lmin	L099	L090	Lnat	L050	L010	L001	Lmax	Leq
Day	16.1	16.6	18.2	19.1	23.1	33.3	42.7	49.4	35.2
Night	15.0	15.2	15.5	16.3	16.8	21.2	33.7	43.1	28.3

Ambient (dBT), Winter (n = 192hrs)
	Lmin	L099	L090	Lnat	L050	L010	L001	Lmax	Leq
Day	9.5	10.5	12.5	14.5	21.0	32.1	41.3	47.8	33.8
Night	7.6	7.9	8.6	9.7	10.6	19.1	32.9	40.4	26.8

Time Above (%), Winter (n = 192hrs)
	35dBA	45dBA	52dBA	60dBA
Day	15.66	0.56	0.12	0.00
Night	1.39	0.11	0.00	0.00

Time Above (%), Winter (n = 192hrs)
	35dBT	45dBT	52dBT	60dBT
Day	12.00	0.41	0.11	0.00
Night	1.24	0.07	0.00	0.00

L90 Contour Data (dB), Winter (n = 192hrs)
	12.5Hz	15.8Hz	20Hz	25Hz	31.5Hz	40Hz	50Hz	63Hz	80Hz	100Hz	125Hz	160Hz	200Hz	250Hz	315Hz	400Hz	500Hz	630Hz	800Hz	1000Hz	1250Hz	1600Hz	2000Hz	2500Hz	3150Hz	4000Hz	5000Hz	6300Hz	8000Hz	10000Hz	12500Hz	16000Hz	20000Hz
00h	23.8	22.1	21.2	18.4	16.9	13.8	11.2	08.9	06.6	05.4	05.2	05.1	04.8	03.9	02.4	00.9	-00.5	-01.3	-01.6	-01.5	-01.1	-00.4	00.4	01.2	02.2	03.2	04.3	05.3	06.1	06.5	05.9	04.5	02.5
01h	23.5	21.6	20.6	17.8	16.2	13.7	11.5	08.2	06.4	05.4	04.4	03.9	03.6	03.2	02.1	01.2	00.4	-00.3	-00.6	-00.7	-00.3	-00.1	00.6	01.4	02.4	03.3	04.4	05.3	06.1	06.5	05.9	04.5	02.5
02h	23.3	21.7	21.0	18.7	17.3	14.6	12.3	09.6	07.9	05.4	03.8	03.4	03.2	03.4	03.5	03.4	02.8	02.1	01.0	-00.3	-00.4	00.1	00.7	01.4	02.3	03.2	04.3	05.3	06.1	06.5	05.9	04.4	02.4
03h	23.8	22.9	21.9	19.6	17.8	14.8	12.4	09.7	08.0	07.3	06.1	04.9	04.6	04.3	03.5	03.5	03.3	02.9	01.7	00.2	-00.5	00.0	00.8	01.6	02.5	03.4	04.4	05.3	06.2	06.5	06.0	04.4	02.4
04h	23.9	23.0	22.4	19.2	16.7	13.5	11.3	09.5	06.6	05.9	04.5	04.4	04.3	04.1	02.6	01.7	00.7	-00.1	-00.5	-01.0	-00.9	-00.5	00.3	01.2	02.1	03.2	04.3	05.3	06.1	06.5	05.9	04.4	02.4
05h	24.5	23.5	22.3	19.4	17.1	14.3	11.8	09.8	08.1	05.6	03.4	02.2	01.5	00.9	-00.2	-01.0	-01.7	-02.0	-01.7	-01.4	-01.2	-00.5	00.3	01.1	02.1	03.2	04.3	05.3	06.1	06.4	05.9	04.4	02.4
06h	25.5	24.4	22.7	19.9	17.7	15.2	11.9	09.8	07.7	04.7	02.4	01.1	00.9	00.2	-00.9	-01.8	-02.0	-02.1	-02.0	-01.5	-01.1	-00.4	00.5	01.4	02.4	03.4	04.3	05.3	06.1	06.4	05.9	04.3	02.4
07h	27.0	25.9	24.2	21.8	19.7	16.4	12.6	10.4	08.4	05.7	03.3	02.4	01.8	01.2	-00.2	-01.2	-01.5	-01.7	-01.6	-01.4	-01.1	-00.5	00.3	01.3	02.4	03.3	04.3	05.3	06.1	06.4	05.9	04.4	02.4
08h	26.8	25.6	24.5	22.2	20.1	16.4	12.7	10.4	08.9	06.6	04.4	02.9	02.1	01.3	00.4	00.2	-00.1	-00.8	-01.2	-01.4	-01.1	-00.4	00.6	01.5	02.4	03.4	04.4	05.4	06.2	06.5	06.0	04.5	02.5
09h	27.1	26.0	24.9	22.2	19.7	16.6	14.0	11.4	09.3	07.4	05.4	04.8	04.0	02.9	01.7	01.5	00.4	-00.3	-00.8	-00.7	-00.4	00.2	00.9	01.8	02.7	03.7	04.6	05.5	06.3	06.6	06.2	04.9	03.0
10h	27.4	26.7	25.3	22.9	21.1	18.0	15.1	12.4	10.8	08.2	06.9	06.3	06.2	04.9	02.7	02.1	01.3	00.4	-00.1	00.1	00.5	01.1	01.6	02.4	03.2	04.0	04.8	05.7	06.4	06.7	06.3	05.0	03.1
11h	28.9	28.2	27.1	24.8	22.8	20.7	18.0	16.2	14.2	12.2	10.6	10.4	10.8	09.8	08.4	07.7	08.1	08.0	07.1	06.0	04.9	05.4	05.7	04.6	04.3	04.6	05.1	05.8	06.5	06.8	06.5	05.2	03.2
12h	29.6	28.7	27.5	25.5	23.5	21.3	19.3	17.9	16.7	15.8	14.3	13.7	14.3	14.7	14.0	14.2	13.8	13.3	12.4	11.2	09.6	07.8	07.1	07.3	06.0	05.3	06.2	06.8	07.3	07.4	07.0	05.7	03.6
13h	29.3	28.4	27.1	25.0	23.0	20.9	18.8	17.7	16.8	15.8	14.1	13.8	14.1	14.4	13.9	13.6	14.1	14.1	13.6	12.2	09.3	06.2	04.1	04.7	05.5	05.5	06.1	06.9	07.8	08.5	08.4	07.3	05.0
14h	29.2	27.8	26.6	24.3	22.6	20.5	18.3	17.0	16.5	14.9	13.1	13.1	13.7	13.1	12.9	13.4	14.1	14.7	14.7	12.9	09.6	05.6	04.1	04.2	05.1	05.0	05.5	06.5	07.3	07.7	07.5	06.4	04.2
15h	28.5	27.5	26.1	23.9	21.5	19.6	17.7	15.9	16.0	13.6	11.4	11.5	12.5	13.3	12.7	13.7	12.0	12.1	11.3	09.6	07.3	05.2	03.2	02.5	03.0	04.0	04.9	05.7	06.4	06.8	06.4	05.1	03.1
16h	27.8	26.6	25.6	23.2	20.6	17.8	15.0	12.5	11.5	10.7	10.3	09.6	10.9	10.4	09.5	09.9	08.7	05.9	03.5	02.6	02.6	01.7	01.6	01.9	02.6	03.7	04.6	05.5	06.3	06.7	06.3	05.0	03.0
17h	28.0	27.1	25.9	23.5	21.2	18.4	16.3	14.2	13.5	11.5	10.5	09.7	09.2	08.9	08.1	06.7	05.8	04.2	03.0	01.5	00.8	00.9	01.7	02.1	02.6	03.5	04.5	05.5	06.3	06.7	06.3	05.0	03.1
18h	27.9	26.8	25.9	23.6	21.9	19.5	17.5	15.5	14.3	12.0	10.2	10.3	09.6	08.2	07.1	05.7	04.2	02.5	00.9	00.1	-00.1	00.3	01.0	01.9	02.8	03.8	04.9	05.9	06.8	07.1	06.5	04.9	02.9
19h	28.8	27.7	26.6	24.4	22.3	19.9	17.6	15.3	13.1	12.2	10.0	09.0	08.6	07.8	06.3	05.3	04.3	03.2	01.6	00.1	-00.4	00.1	00.9	01.8	02.8	03.8	04.8	05.7	06.5	06.8	06.3	04.9	02.9
20h	28.8	27.5	26.3	24.3	22.2	19.4	17.3	15.4	13.6	12.8	11.0	09.6	08.4	07.4	06.2	05.1	04.1	02.9	01.4	00.4	00.2	00.6	01.0	01.8	02.6	03.7	04.7	05.7	06.4	06.8	06.4	05.0	03.0
21h	28.3	26.9	25.7	23.3	21.0	18.0	16.0	14.0	12.5	12.4	10.6	09.5	08.2	06.2	03.6	02.2	01.2	00.3	-00.5	-00.9	-00.7	00.1	01.0	01.9	02.7	03.7	04.6	05.6	06.4	06.7	06.3	05.0	03.0
22h	27.8	26.4	25.3	23.2	21.0	18.0	15.8	13.2	11.2	10.7	08.6	07.6	06.8	05.6	03.5	01.7	00.1	-00.7	-01.4	-01.4	-01.0	-00.2	00.8	01.9	02.8	03.6	04.6	05.5	06.3	06.7	06.4	05.1	03.1
23h	26.4	25.0	24.0	21.9	19.9	17.0	15.0	12.8	10.5	09.4	07.7	06.7	06.1	05.7	04.6	04.2	03.4	01.9	-00.1	-00.8	-00.5	00.2	01.0	01.9	02.9	03.9	05.0	05.8	06.4	06.8	06.3	05.0	03.0

Lnat Contour Data (dB), Winter (n = 192hrs)
	12.5Hz	15.8Hz	20Hz	25Hz	31.5Hz	40Hz	50Hz	63Hz	80Hz	100Hz	125Hz	160Hz	200Hz	250Hz	315Hz	400Hz	500Hz	630Hz	800Hz	1000Hz	1250Hz	1600Hz	2000Hz	2500Hz	3150Hz	4000Hz	5000Hz	6300Hz	8000Hz	10000Hz	12500Hz	16000Hz	20000Hz
00h	27.0	24.9	23.8	20.8	19.0	15.9	13.5	11.4	09.0	07.7	07.4	07.4	07.0	05.9	04.4	02.8	01.3	00.7	-00.3	-00.7	-00.3	00.3	00.7	01.5	02.4	03.4	04.4	05.4	06.2	06.6	06.0	04.6	02.6
01h	26.6	24.5	23.4	20.3	18.5	15.8	14.1	11.2	09.3	08.8	08.3	07.9	07.5	07.7	06.9	06.2	04.8	03.4	02.5	01.6	01.1	00.7	00.9	01.7	02.6	03.6	04.5	05.5	06.3	06.6	06.0	04.6	02.6
02h	26.3	24.3	23.5	21.0	19.5	16.7	14.5	12.2	10.3	07.3	05.3	04.9	04.8	05.2	05.3	05.6	05.6	05.4	04.3	02.4	00.5	00.6	01.4	02.1	02.8	03.5	04.5	05.5	06.3	06.6	06.0	04.5	02.5
03h	26.7	25.6	24.4	21.8	20.0	16.8	14.2	11.7	09.9	09.0	08.2	06.2	06.0	06.0	05.3	05.8	06.2	06.1	04.7	03.2	01.1	00.5	01.2	02.1	02.7	03.6	04.6	05.5	06.3	06.7	06.0	04.6	02.5
04h	26.4	25.3	24.6	21.3	18.9	15.4	13.0	11.6	09.0	08.4	06.2	05.9	05.8	05.5	04.4	04.4	03.5	02.2	00.6	-00.4	-00.4	-00.1	00.5	01.4	02.4	03.4	04.4	05.4	06.3	06.6	06.0	04.5	02.5
05h	26.3	25.1	23.9	21.1	18.7	15.8	13.4	11.6	10.9	07.5	05.1	03.8	03.0	02.1	00.8	-00.3	-01.2	-01.6	-01.3	-01.1	-01.0	-00.3	00.5	01.3	02.3	03.3	04.4	05.3	06.2	06.5	06.0	04.4	02.4
06h	27.3	26.0	24.2	21.1	19.0	16.6	13.0	11.1	09.3	06.0	03.4	02.0	01.7	01.1	-00.2	-01.2	-01.4	-01.7	-01.6	-01.2	-00.9	-00.1	00.8	01.7	02.7	03.6	04.5	05.4	06.2	06.5	05.9	04.4	02.4
07h	29.0	27.7	25.9	23.2	21.2	17.8	13.7	11.6	10.0	07.0	04.3	03.4	02.9	02.2	00.6	-00.3	-00.4	-00.9	-01.1	-01.0	-00.9	-00.2	00.7	01.8	02.7	03.6	04.4	05.4	06.2	06.5	06.0	04.4	02.4
08h	28.7	27.4	26.2	23.7	21.6	17.7	13.9	11.7	10.3	07.9	05.5	04.2	03.6	02.7	01.7	01.6	00.9	00.0	-00.7	-01.1	-00.8	-00.1	00.8	01.7	02.7	03.6	04.6	05.5	06.3	06.6	06.1	04.6	02.6
09h	27.9	26.7	25.6	22.8	20.3	17.2	14.6	12.0	09.9	08.1	06.1	05.5	04.8	03.7	02.3	02.0	01.2	00.4	-00.3	-00.4	-00.2	00.3	01.1	01.9	02.8	03.7	04.7	05.5	06.3	06.6	06.2	05.0	03.0
10h	27.7	27.0	25.6	23.2	21.3	18.2	15.2	12.7	11.2	08.7	07.2	06.7	06.5	05.2	03.1	02.5	01.6	00.7	00.2	00.3	00.7	01.3	01.7	02.4	03.3	04.0	04.9	05.7	06.4	06.8	06.4	05.1	03.1
11h	29.7	29.0	27.9	25.4	23.5	21.4	18.8	17.1	15.4	13.1	11.6	11.4	11.9	11.0	09.8	09.3	09.7	09.4	08.4	07.3	06.1	06.0	06.8	05.7	05.0	04.9	05.3	05.9	06.6	06.9	06.5	05.2	03.2
12h	31.0	30.0	28.9	26.8	24.8	22.5	20.7	19.4	18.3	17.3	16.0	15.7	16.2	16.7	16.4	16.5	16.6	16.5	15.8	14.8	13.0	10.6	08.8	08.8	07.7	06.5	06.9	07.8	08.2	08.0	07.4	06.0	03.8
13h	30.6	29.6	28.1	26.2	24.1	22.0	19.9	19.1	18.4	17.3	15.3	14.9	15.4	15.9	15.0	14.7	15.3	15.5	15.2	14.0	11.6	07.8	05.5	05.5	06.1	06.2	06.8	07.6	08.4	08.8	08.8	07.8	05.5
14h	30.0	28.5	27.2	25.0	23.3	21.1	19.1	17.9	17.3	15.6	13.8	13.8	14.5	14.1	13.8	14.0	14.7	15.6	15.7	14.0	10.6	06.9	04.7	04.5	05.3	05.7	05.9	06.7	07.5	07.9	07.6	06.6	04.4
15h	28.9	27.9	26.5	24.3	21.8	19.9	18.0	16.4	16.4	14.0	11.8	12.0	13.0	13.8	13.7	14.4	12.7	12.5	11.7	09.9	07.7	05.8	03.5	02.9	03.1	04.0	04.9	05.7	06.5	06.8	06.4	05.2	03.2
16h	27.9	26.7	25.7	23.3	20.7	17.9	15.1	12.7	11.6	10.9	10.4	09.8	11.0	10.5	09.7	10.1	09.0	06.2	03.8	02.8	02.7	01.8	01.7	02.0	02.7	03.7	04.6	05.5	06.3	06.7	06.3	05.0	03.0
17h	28.6	27.6	26.5	24.0	21.7	18.9	16.8	14.6	14.0	12.2	11.2	10.1	09.8	09.6	08.7	07.5	06.8	05.0	03.7	02.1	01.1	01.1	01.8	02.4	02.8	03.6	04.5	05.5	06.3	06.7	06.3	05.0	03.1
18h	28.8	27.6	26.6	24.2	22.4	20.0	18.0	16.1	15.1	12.8	11.0	11.4	10.8	09.6	08.1	06.8	05.3	03.4	01.6	00.4	00.1	00.5	01.1	02.0	02.9	03.9	05.0	06.0	06.9	07.2	06.6	05.1	03.0
19h	30.6	29.4	28.1	25.8	23.6	21.1	18.8	16.6	14.4	14.3	11.7	10.8	10.6	10.0	08.7	08.6	08.1	06.6	04.4	01.4	00.2	00.4	01.1	02.0	03.0	04.1	05.1	05.9	06.7	07.0	06.5	05.1	03.1
20h	30.7	29.2	27.9	25.7	23.5	20.6	18.5	16.5	14.8	14.1	12.2	11.0	10.2	09.0	07.5	06.9	06.1	04.6	02.9	01.4	00.7	01.0	01.3	02.1	02.8	03.8	04.8	05.8	06.6	07.0	06.5	05.1	03.1
21h	30.6	28.9	27.6	25.2	22.8	19.5	17.4	15.5	13.7	13.8	11.7	10.6	09.1	07.2	04.7	03.6	02.8	01.8	00.7	00.0	-00.1	00.5	01.4	02.3	03.3	04.0	04.9	05.8	06.5	06.9	06.5	05.1	03.1
22h	30.5	28.8	27.5	25.2	22.9	19.8	17.5	15.0	13.0	12.7	10.5	09.5	08.2	06.8	04.7	02.8	01.6	00.7	-00.4	-01.0	-00.7	00.1	01.1	02.1	03.1	04.0	04.9	05.7	06.5	07.0	06.6	05.4	03.3
23h	29.0	27.2	26.0	23.8	21.6	18.6	16.6	14.5	12.3	11.2	09.5	08.7	08.1	07.5	06.6	06.2	05.9	04.9	03.0	01.1	00.2	00.6	01.4	02.3	03.3	04.4	05.6	06.7	07.0	07.1	06.6	05.2	03.2

L50 Contour Data (dB), Winter (n = 192hrs)
	12.5Hz	15.8Hz	20Hz	25Hz	31.5Hz	40Hz	50Hz	63Hz	80Hz	100Hz	125Hz	160Hz	200Hz	250Hz	315Hz	400Hz	500Hz	630Hz	800Hz	1000Hz	1250Hz	1600Hz	2000Hz	2500Hz	3150Hz	4000Hz	5000Hz	6300Hz	8000Hz	10000Hz	12500Hz	16000Hz	20000Hz
00h	27.2	25.2	24.0	21.1	19.2	16.1	13.7	11.7	09.2	08.0	07.6	07.6	07.2	06.0	04.6	03.0	01.6	01.0	-00.1	-00.6	-00.3	00.3	00.9	01.5	02.4	03.4	04.5	05.4	06.3	06.6	06.1	04.6	02.6
01h	27.0	24.8	23.7	20.5	18.7	16.1	14.4	11.6	09.6	09.1	08.6	08.2	07.9	08.1	07.1	06.6	05.2	03.8	03.0	01.9	01.3	00.9	01.0	01.7	02.6	03.6	04.6	05.5	06.3	06.7	06.0	04.6	02.6
02h	26.8	24.9	24.0	21.5	20.0	17.1	15.0	12.8	10.8	07.8	05.6	05.3	05.2	05.6	05.9	06.3	06.5	06.4	05.2	03.1	00.9	00.7	01.4	02.2	02.8	03.6	04.6	05.5	06.4	06.6	06.1	04.6	02.5
03h	27.4	26.2	25.0	22.4	20.5	17.3	14.8	12.3	10.5	09.7	08.6	06.6	06.5	06.6	06.2	07.1	07.8	06.9	05.4	03.9	02.8	01.7	01.4	02.2	02.8	03.7	04.7	05.6	06.4	06.7	06.1	04.6	02.6
04h	27.5	26.3	25.6	22.3	19.8	16.3	13.7	12.5	10.0	09.3	08.8	06.6	06.4	06.2	05.1	05.4	04.6	03.0	01.3	-00.1	-00.2	00.1	00.7	01.5	02.4	03.4	04.5	05.5	06.3	06.6	06.1	04.5	02.5
05h	27.9	26.6	25.6	22.9	20.6	17.9	15.6	14.0	13.9	09.9	06.9	05.7	05.1	04.7	02.6	01.0	00.2	-00.4	-00.7	-00.6	-00.7	-00.1	00.7	01.5	02.4	03.4	04.5	05.4	06.3	06.6	06.0	04.5	02.5
06h	29.0	27.6	25.6	22.5	20.3	18.2	14.3	12.8	11.4	08.2	05.5	04.0	03.2	02.1	00.7	-00.1	-00.2	-00.6	-01.0	-00.8	-00.6	00.2	01.0	01.8	02.8	03.8	04.7	05.6	06.3	06.6	06.0	04.4	02.4
07h	30.5	29.1	27.2	24.4	22.5	18.9	15.1	12.7	11.5	08.3	05.6	04.3	04.0	03.3	01.6	00.8	00.8	00.2	-00.4	-00.6	-00.6	00.2	01.1	02.2	03.1	03.9	04.8	05.5	06.3	06.6	06.0	04.5	02.5
08h	30.1	28.6	27.3	24.7	22.5	18.7	14.8	12.7	11.5	08.9	06.6	05.5	04.6	03.9	03.0	02.4	01.9	00.9	-00.3	-00.8	-00.6	00.2	01.0	01.9	02.9	03.8	04.8	05.7	06.4	06.7	06.2	04.7	02.7
09h	30.7	29.3	28.0	24.9	22.7	19.7	17.0	15.0	13.4	11.4	09.0	08.5	09.0	08.2	06.2	06.1	06.2	05.4	03.3	01.4	01.4	01.5	02.1	02.5	03.2	04.0	04.9	05.7	06.4	06.7	06.4	05.1	03.1
10h	31.0	30.2	28.6	26.1	24.0	21.5	18.5	17.1	16.0	14.8	13.0	12.9	14.4	13.0	10.4	10.2	09.7	09.3	08.6	07.1	06.6	07.1	05.8	05.3	05.0	05.6	06.3	06.8	07.3	07.4	07.0	05.6	03.5
11h	32.5	31.8	30.4	28.0	25.9	23.8	21.5	20.3	20.0	19.1	18.2	18.2	18.6	18.4	16.7	15.8	15.3	14.8	14.1	13.2	11.5	09.8	09.0	09.1	08.2	07.0	06.7	07.2	07.8	07.7	07.2	05.9	03.7
12h	33.4	32.4	31.4	30.1	28.3	26.5	24.7	23.5	22.8	21.3	20.6	20.9	21.6	22.0	21.5	21.1	20.8	20.8	20.6	19.9	18.1	15.2	12.3	11.7	11.7	09.9	09.5	10.1	10.4	10.0	08.9	07.4	04.8
13h	33.0	31.8	30.4	28.5	26.5	24.5	22.8	22.7	22.4	20.4	18.4	18.0	19.2	20.2	19.4	19.5	19.9	20.0	19.8	18.7	16.5	13.8	09.5	08.4	08.1	08.6	08.5	09.7	11.2	10.7	10.3	09.4	07.1
14h	32.7	31.1	29.7	27.4	25.6	23.5	22.6	21.9	21.9	19.4	17.3	18.2	18.9	18.7	17.9	17.8	17.4	18.3	18.7	17.8	15.1	12.3	08.8	07.1	06.8	07.8	08.4	08.3	09.2	09.5	09.2	08.1	05.6
15h	32.1	30.7	29.3	26.8	24.4	22.2	20.3	19.4	19.8	17.9	17.2	17.6	18.8	19.0	18.0	18.8	19.3	17.4	16.3	14.6	12.7	10.7	09.1	07.6	06.8	05.8	05.8	06.6	07.4	07.5	07.2	05.9	03.7
16h	31.2	29.8	28.4	25.9	23.3	20.5	18.0	17.3	17.8	16.7	15.8	17.7	19.8	18.7	15.7	16.2	15.4	12.5	10.2	07.5	05.5	04.8	03.6	03.3	03.8	04.3	05.2	06.2	06.9	07.0	06.6	05.3	03.3
17h	31.7	30.4	29.3	26.8	24.5	22.3	20.0	18.5	18.7	16.8	16.3	16.8	17.2	16.4	14.6	15.1	14.8	12.4	10.5	08.9	06.8	04.4	03.3	03.4	04.1	05.1	06.3	06.7	07.0	07.1	06.6	05.3	03.4
18h	31.5	30.1	28.8	26.5	24.5	22.0	20.2	18.9	18.9	16.8	15.6	16.3	16.2	15.3	13.3	13.1	10.9	07.3	04.6	02.2	01.3	01.2	01.7	02.3	03.2	04.2	05.4	06.5	07.6	07.8	07.4	05.6	03.4
19h	32.4	30.9	29.6	27.3	25.1	22.5	20.5	18.5	17.0	18.1	14.7	14.1	15.1	14.1	12.1	11.8	11.2	09.6	07.6	05.2	03.4	02.3	01.5	02.2	03.2	04.3	05.4	06.2	07.0	07.3	06.8	05.4	03.3
20h	32.4	30.9	29.4	27.2	24.9	22.0	19.8	18.0	16.5	16.0	14.3	13.7	12.7	11.8	10.9	10.9	09.6	07.1	04.8	02.9	02.0	01.8	01.6	02.4	03.1	03.9	05.0	06.0	06.8	07.3	06.8	05.3	03.2
21h	32.0	30.2	28.7	26.3	23.8	20.5	18.3	16.4	14.6	15.1	12.5	11.3	10.2	08.2	05.9	04.7	03.9	02.9	01.5	00.5	00.2	00.8	01.7	02.6	03.6	04.4	05.2	06.0	06.7	07.0	06.6	05.2	03.2
22h	31.3	29.6	28.2	25.9	23.5	20.3	18.1	15.5	13.5	13.3	11.0	10.1	08.8	07.3	05.3	03.5	02.2	01.3	00.1	-00.8	-00.6	00.2	01.1	02.2	03.1	04.2	05.0	05.8	06.6	07.1	06.7	05.5	03.4
23h	30.1	28.2	26.9	24.7	22.5	19.3	17.5	15.3	13.1	12.0	10.5	09.7	09.1	08.5	07.6	07.4	07.2	06.3	04.5	02.5	01.0	00.9	01.5	02.4	03.5	04.6	05.8	07.0	07.5	07.6	07.0	05.5	03.4

L05 Contour Data (dB), Winter (n = 192hrs)
	12.5Hz	15.8Hz	20Hz	25Hz	31.5Hz	40Hz	50Hz	63Hz	80Hz	100Hz	125Hz	160Hz	200Hz	250Hz	315Hz	400Hz	500Hz	630Hz	800Hz	1000Hz	1250Hz	1600Hz	2000Hz	2500Hz	3150Hz	4000Hz	5000Hz	6300Hz	8000Hz	10000Hz	12500Hz	16000Hz	20000Hz
00h	31.8	29.7	28.9	26.3	24.8	21.6	19.2	17.2	14.9	14.5	13.2	12.6	12.1	12.0	11.6	11.4	09.7	09.2	08.1	06.6	04.4	02.8	02.4	02.7	03.2	04.1	05.0	05.9	06.6	06.9	06.5	04.9	02.8
01h	32.7	30.8	29.6	27.4	25.9	24.0	22.0	20.1	19.2	18.4	17.5	16.5	16.1	16.0	14.4	13.0	11.7	09.1	08.4	07.9	06.7	04.5	03.9	04.4	04.2	04.7	05.7	06.5	07.2	07.3	06.7	05.1	02.9
02h	32.6	30.2	29.2	26.8	26.1	24.8	23.4	22.0	20.8	20.5	19.1	17.8	17.7	18.5	17.3	15.6	16.1	13.5	11.2	09.5	07.6	05.6	04.3	04.7	05.2	06.0	07.0	07.7	08.3	08.3	07.4	05.5	03.1
03h	32.7	31.7	31.1	30.4	29.4	28.2	26.4	25.3	23.8	22.9	21.7	21.8	23.0	22.5	20.6	19.2	16.5	14.9	12.7	11.0	08.6	07.9	06.0	04.9	04.9	05.3	06.1	06.7	07.4	07.8	07.1	05.4	03.1
04h	33.3	32.1	33.0	32.0	31.9	30.4	29.3	28.1	29.1	26.6	25.5	24.1	23.3	23.0	20.6	18.2	17.2	16.0	14.0	10.9	09.4	08.6	06.1	04.8	04.7	04.8	05.4	06.2	06.9	07.1	06.6	05.0	02.8
05h	33.1	32.9	32.6	32.3	32.2	31.6	30.8	32.1	30.7	30.5	30.2	28.8	28.4	27.2	22.4	18.3	14.1	10.8	08.8	07.5	05.9	04.0	03.4	03.8	04.3	04.8	05.6	06.4	07.3	07.4	06.8	05.3	03.0
06h	32.8	31.3	29.3	27.2	25.5	24.3	23.2	24.2	23.7	23.2	21.3	19.0	16.4	13.1	10.2	08.9	06.9	05.2	03.8	03.4	03.0	03.6	04.0	05.4	06.2	06.9	06.5	06.3	07.1	07.1	06.4	04.9	02.7
07h	34.9	33.1	32.3	29.4	28.2	26.6	26.9	27.0	26.5	23.5	21.4	19.7	22.1	21.1	18.6	16.4	14.9	13.2	08.6	06.9	04.1	06.6	07.2	09.2	08.6	08.0	08.7	08.2	08.7	07.6	06.9	05.1	02.8
08h	34.4	32.5	30.8	28.3	26.0	23.4	21.8	21.8	22.8	24.0	24.2	23.5	22.8	20.2	15.0	12.0	10.4	08.5	06.3	05.7	05.6	06.9	06.5	07.4	08.6	08.9	08.8	08.6	09.1	09.2	08.5	06.1	03.7
09h	37.0	36.6	35.2	34.9	34.6	32.1	29.4	29.9	31.7	30.0	29.7	29.6	29.8	31.1	29.3	29.2	26.3	22.8	21.1	19.5	18.7	16.6	14.0	12.9	11.9	11.2	10.3	10.4	10.9	09.8	08.8	07.0	04.5
10h	36.8	36.1	35.8	35.7	34.5	33.6	31.7	32.0	33.3	32.1	30.3	31.3	33.6	33.5	31.4	29.5	28.1	26.4	25.2	23.4	22.7	22.2	20.9	18.4	17.0	16.3	17.4	16.4	14.8	13.6	13.6	11.2	07.8
11h	38.7	38.3	38.1	38.8	38.0	36.4	34.6	34.2	34.7	34.6	33.3	33.4	35.9	36.9	34.1	31.9	30.6	29.5	28.5	26.1	25.1	24.3	22.4	20.5	19.8	17.3	16.1	15.8	14.7	14.6	13.5	11.7	08.1
12h	40.1	39.4	39.0	39.0	38.8	38.6	36.4	35.5	36.1	34.4	33.6	33.4	35.6	35.5	32.8	32.3	32.0	29.9	29.0	27.5	26.6	25.0	22.6	20.2	20.2	19.7	19.1	20.4	17.7	16.4	15.4	13.2	10.1
13h	39.2	38.3	37.7	37.1	36.8	36.4	35.3	35.4	36.2	34.2	35.1	34.7	35.3	35.6	33.2	31.6	29.9	27.9	27.8	28.1	27.8	26.4	24.0	21.4	20.4	17.9	18.0	18.8	17.3	17.3	17.7	16.1	15.1
14h	37.5	35.7	35.5	35.4	34.5	33.4	31.0	31.5	33.8	29.8	28.5	30.6	32.4	31.6	30.3	30.2	29.9	28.7	28.2	28.3	28.1	26.2	23.3	20.1	18.2	15.0	15.7	18.1	17.6	16.6	16.3	14.2	13.1
15h	36.7	35.7	36.0	35.8	35.4	34.5	33.7	32.7	33.1	31.3	30.8	32.5	35.0	34.3	31.2	32.5	32.0	29.9	28.3	28.6	28.0	26.4	23.9	20.8	18.6	16.3	14.2	12.8	11.6	11.1	10.9	09.8	07.3
16h	35.9	35.8	36.2	36.1	35.3	34.2	32.2	34.4	34.1	33.1	32.7	31.9	32.9	30.5	28.1	29.2	28.5	26.1	26.4	26.1	25.5	24.1	20.8	16.6	12.8	09.4	09.5	08.6	09.0	09.0	08.9	07.8	05.2
17h	37.3	36.4	35.9	35.4	34.6	33.9	32.4	32.7	31.9	31.3	31.5	32.5	32.4	33.2	30.9	30.0	28.9	27.0	26.2	26.7	26.7	25.2	22.0	17.8	14.0	10.8	09.5	10.5	11.9	11.2	10.2	08.3	05.8
18h	36.7	35.6	34.4	33.5	31.4	29.7	29.0	30.6	35.7	33.7	33.7	34.2	35.0	35.3	32.4	32.2	30.1	25.4	21.6	19.4	17.0	14.8	12.8	09.9	07.3	06.1	07.0	08.0	09.3	10.1	10.0	08.5	06.4
19h	37.8	36.5	35.0	33.7	32.3	30.9	29.3	28.6	29.3	29.5	28.9	28.1	29.0	28.9	28.8	28.1	28.4	25.6	23.8	22.1	20.6	18.4	14.6	09.7	07.3	06.1	06.6	07.7	08.9	09.7	08.9	07.1	04.6
20h	37.0	35.9	35.6	34.8	34.1	32.3	31.7	30.9	29.1	28.5	24.9	25.5	27.8	27.8	24.9	20.9	19.8	18.5	16.8	14.6	13.2	11.1	08.1	05.8	04.8	05.5	06.6	07.0	07.9	08.5	08.4	07.4	05.2
21h	36.1	34.8	33.8	32.6	31.1	29.8	29.1	28.4	27.1	27.9	26.5	26.7	26.8	26.4	24.8	23.8	19.5	14.6	13.0	10.2	07.1	04.9	04.3	04.6	05.5	06.5	07.9	08.6	09.4	09.1	08.3	06.7	04.4
22h	35.7	33.6	32.1	29.8	27.5	26.2	24.3	22.6	21.8	21.1	20.2	19.9	20.8	19.8	18.1	13.9	10.8	10.8	09.3	06.9	04.4	02.4	01.8	02.6	03.6	04.7	05.9	07.2	08.4	09.0	08.8	07.8	05.7
23h	35.5	33.1	31.9	29.4	27.1	23.8	21.7	19.9	18.4	26.8	16.0	16.5	17.2	15.8	13.2	11.5	11.9	11.5	10.4	08.2	05.8	04.1	04.7	05.4	04.6	05.3	06.6	08.0	09.3	10.2	10.5	09.6	07.2

Listening Center Detailed Event Audibility (%), Winter (n = 10 days)
Src	00h	01h	02h	03h	04h	05h	06h	07h	08h	09h	10h	11h	12h	13h	14h	15h	16h	17h	18h	19h	20h	21h	22h	23h
1	0.0	0.0	0.7	0.0	0.3	0.0	0.0	0.7	0.0	0.0	0.0	1.0	0.0	0.3	0.0	1.3	0.0	0.3	0.0	0.0	0.3	0.3	0.0	0.3
1.1	5.0	9.3	8.3	11.3	14.7	22.0	19.3	8.7	5.0	7.7	17.0	18.3	19.3	15.3	14.3	14.3	12.3	16.0	6.0	10.0	16.3	11.0	7.0	5.0
1.2	0.0	0.0	0.0	0.7	1.3	7.7	10.7	0.3	5.0	6.3	9.3	3.0	4.7	7.7	5.0	6.0	9.3	2.3	12.0	2.7	2.0	5.0	2.7	0.0
4	0.0	0.0	0.0	0.0	0.3	0.3	0.7	10.0	9.7	46.0	45.0	40.7	29.0	32.7	37.7	47.7	52.3	44.3	34.7	27.0	29.3	12.7	8.0	7.0
5.1	0.0	0.0	0.0	0.7	2.7	0.0	0.0	0.0	0.0	0.0	0.0	0.0	0.0	0.0	1.3	0.0	0.0	0.0	0.0	0.0	0.0	0.0	0.0	0.0
5.2	0.0	0.0	0.0	0.3	0.0	0.0	0.0	0.7	0.0	0.0	0.0	0.0	0.0	0.0	0.7	0.0	0.0	0.0	0.0	0.0	0.0	0.0	0.0	0.0
6	1.7	1.0	4.0	3.3	8.0	13.0	13.0	22.3	18.0	7.3	5.3	6.3	1.3	7.3	11.7	8.0	9.3	13.0	9.3	7.7	3.3	5.0	5.7	19.7
8.1	0.0	0.0	0.0	0.0	0.0	0.0	0.0	0.0	0.0	0.0	0.0	0.0	0.0	0.0	0.0	0.0	0.3	0.7	0.0	0.0	0.0	0.0	0.0	0.0
20	2.0	0.7	4.0	4.7	4.7	6.3	10.0	1.7	3.0	6.0	7.3	7.0	9.7	4.3	5.0	6.7	3.0	6.7	7.7	2.3	0.0	2.0	1.7	1.0
21	1.3	14.0	15.3	14.3	7.7	2.7	0.3	2.0	1.0	2.0	4.7	17.0	25.0	16.3	13.0	11.0	10.3	11.7	9.0	10.7	3.3	2.7	0.3	4.0
21.1	17.3	29.7	25.3	28.3	21.3	9.7	6.0	5.0	12.3	20.7	23.0	23.3	32.7	46.3	41.3	40.0	27.7	21.7	21.7	24.7	35.3	32.3	25.0	22.3
21.2	0.3	0.0	1.0	0.3	0.3	0.0	0.0	0.0	0.0	0.0	2.0	0.7	2.3	0.0	0.3	0.0	0.0	0.7	5.3	4.0	0.3	0.0	0.0	1.0
22	0.0	3.0	2.0	11.3	7.0	2.7	3.7	5.0	3.0	11.0	21.7	22.0	24.0	25.3	26.0	21.3	17.7	16.7	16.0	13.3	10.7	18.7	20.3	22.7
22.1	9.3	9.7	8.7	7.0	9.0	10.3	7.7	11.7	10.0	10.0	16.3	12.0	15.0	19.0	20.0	20.0	19.7	19.0	7.0	2.3	0.3	1.0	1.7	3.3
22.3	0.0	0.7	0.0	0.0	0.0	0.0	0.0	0.0	0.0	0.0	1.7	2.7	7.0	8.3	10.3	10.0	10.0	16.3	7.7	9.0	12.3	10.0	10.7	10.3
24	0.0	0.0	0.0	0.0	0.0	0.0	0.0	3.0	7.3	8.3	6.7	6.3	10.7	10.7	8.3	2.0	1.0	0.0	0.7	0.0	0.3	0.3	0.7	0.7
24.1	0.0	0.0	0.0	0.0	0.0	0.0	0.0	0.0	0.3	1.0	0.3	0.0	0.7	0.3	0.7	0.0	0.0	0.0	0.0	0.0	0.0	0.0	0.0	0.0
25	14.3	12.7	14.0	15.3	17.3	11.0	40.7	63.7	54.0	39.7	38.0	32.7	32.7	28.7	31.0	22.0	19.0	10.3	9.0	11.7	13.7	15.3	11.0	13.0
29	0.3	0.3	0.3	0.7	0.0	0.7	0.3	0.7	2.0	0.7	0.3	0.7	0.3	0.3	2.3	0.0	0.0	0.0	0.7	0.0	0.0	0.0	0.3	0.3
39	16.0	23.3	23.7	20.7	22.0	22.3	18.0	19.7	18.0	19.7	17.7	19.0	12.7	13.7	12.7	8.0	4.7	5.3	2.3	1.7	6.3	5.3	7.3	5.3
39.1	6.3	20.0	25.3	25.7	23.7	12.7	6.0	13.3	15.0	25.7	22.3	21.3	34.0	33.7	32.3	26.7	16.7	24.3	37.0	27.3	21.3	17.7	18.0	27.7
40	0.7	2.0	0.7	1.0	0.0	1.3	0.7	0.3	0.7	0.0	1.0	4.3	1.0	0.3	0.0	1.0	1.0	0.7	0.3	0.0	0.7	0.0	0.0	0.3
41	0.3	0.3	0.3	0.3	0.0	0.7	0.0	0.7	0.0	2.0	1.7	1.7	2.0	2.0	1.0	0.7	0.0	0.3	0.3	1.3	1.7	0.0	1.3	0.3
41.1	0.0	0.3	0.0	0.3	0.0	0.0	0.0	0.0	0.0	0.0	0.7	0.7	0.7	0.0	0.0	0.0	0.0	0.0	0.3	0.0	0.0	0.0	0.0	0.0
41.2	40.7	39.7	39.3	38.7	40.3	40.0	39.7	40.0	39.7	38.0	27.3	18.7	18.3	11.7	9.7	10.0	19.0	25.7	38.3	39.7	39.7	40.0	40.0	40.0
99	1.0	0.7	1.3	0.3	0.3	0.7	0.7	0.0	0.3	0.7	0.3	0.7	0.7	0.0	0.0	0.7	0.0	0.3	0.0	0.3	0.0	0.0	0.0	0.0

Listening Center Categorical Event Audibility, Winter (n = 10 days)
Src	00h	01h	02h	03h	04h	05h	06h	07h	08h	09h	10h	11h	12h	13h	14h	15h	16h	17h	18h	19h	20h	21h	22h	23h
1	5.0	9.3	9.0	12.0	16.3	29.3	29.0	9.7	9.7	13.7	26.3	22.3	23.7	23.3	19.0	21.7	21.7	18.3	18.0	12.7	18.7	16.3	9.7	5.3
4	0.0	0.0	0.0	0.0	0.3	0.3	0.7	10.0	9.7	46.0	45.0	40.7	29.0	32.7	37.7	47.7	52.3	44.3	34.7	27.0	29.3	12.7	8.0	7.0
5	0.0	0.0	0.0	0.7	2.7	0.0	0.0	0.7	0.0	0.0	0.0	0.0	0.0	0.0	2.0	0.0	0.0	0.0	0.0	0.0	0.0	0.0	0.0	0.0
6	1.7	1.0	4.0	3.3	8.0	13.0	13.0	22.3	18.0	7.3	5.3	6.3	1.3	7.3	11.7	8.0	9.3	13.0	9.3	7.7	3.3	5.0	5.7	19.7
8	0.0	0.0	0.0	0.0	0.0	0.0	0.0	0.0	0.0	0.0	0.0	0.0	0.0	0.0	0.0	0.0	0.3	0.7	0.0	0.0	0.0	0.0	0.0	0.0
20	2.0	0.7	4.0	4.7	4.7	6.3	10.0	1.7	3.0	6.0	7.3	7.0	9.7	4.3	5.0	6.7	3.0	6.7	7.7	2.3	0.0	2.0	1.7	1.0
21	19.0	43.7	41.7	43.0	29.3	12.3	6.3	7.0	13.3	22.0	29.3	40.7	60.0	62.3	54.7	51.0	38.0	34.0	36.0	39.3	39.0	35.0	25.3	27.3
22	9.3	13.3	10.7	18.3	16.0	13.0	11.3	16.7	13.0	21.0	37.3	35.0	43.0	51.3	52.7	50.3	46.0	52.0	30.7	24.7	23.3	29.7	32.7	36.0
24	0.0	0.0	0.0	0.0	0.0	0.0	0.0	3.0	7.7	9.3	7.0	6.3	11.3	11.0	9.0	2.0	1.0	0.0	0.7	0.0	0.3	0.3	0.7	0.7
25	14.3	12.7	14.0	15.3	17.3	11.0	40.7	63.7	54.0	39.7	38.0	32.7	32.7	28.7	31.0	22.0	19.0	10.3	9.0	11.7	13.7	15.3	11.0	13.0
29	0.3	0.3	0.3	0.7	0.0	0.7	0.3	0.7	2.0	0.7	0.3	0.7	0.3	0.3	2.3	0.0	0.0	0.0	0.7	0.0	0.0	0.0	0.3	0.3
39	22.3	41.7	46.7	46.0	45.3	34.7	24.0	33.0	32.3	45.3	40.0	39.3	45.3	47.0	45.0	34.7	21.3	29.7	39.3	29.0	27.7	23.0	25.3	33.0
40	0.7	2.0	0.7	1.0	0.0	1.3	0.7	0.3	0.7	0.0	1.0	4.3	1.0	0.3	0.0	1.0	1.0	0.7	0.3	0.0	0.7	0.0	0.0	0.3
41	41.0	40.0	39.7	38.7	40.3	40.7	39.7	40.3	39.7	38.7	28.0	21.0	20.3	13.3	10.7	10.7	19.0	26.0	38.7	41.0	41.3	40.0	41.3	40.3
99	1.0	0.7	1.3	0.3	0.3	0.7	0.7	0.0	0.3	0.7	0.3	0.7	0.7	0.0	0.0	0.7	0.0	0.3	0.0	0.3	0.0	0.0	0.0	0.0

Time Audible (%), Winter (n = 10)
	00h	01h	02h	03h	04h	05h	06h	07h	08h	09h	10h	11h	12h	13h	14h	15h	16h	17h	18h	19h	20h	21h	22h	23h
Total	8.7	10.7	16.0	19.7	29.7	45.7	48.3	44.0	39.3	68.0	76.0	68.7	58.7	60.3	67.0	74.0	77.7	72.7	67.7	47.3	47.0	35.3	24.7	32.3
SoI	5.0	9.3	9.0	12.0	16.3	29.3	29.0	9.7	9.7	13.7	26.3	22.3	23.7	23.3	19.0	21.7	21.7	18.3	18.0	12.7	18.7	16.3	9.7	5.3
SoI Excluded	3.7	1.3	7.3	8.3	14.3	18.0	21.7	34.3	30.3	58.0	55.3	52.0	38.3	43.0	53.3	60.3	64.3	61.3	51.3	36.7	32.7	19.7	15.0	27.7

