### Metrics File V1.35
Metrics for KAWW004
Day: 07:00:00 to 18:59:59
Night: 19:00:00 to 06:59:59
Summer: Jun to Aug
Fall: Sep to Oct
Winter: Nov to Mar
Spring: Apr to May
Source of Interest: Aircraft
Truncated dBA (also referenced as dBT) Frequency Range: 20Hz to 1250Hz

Median Hourly Metrics (dBA), Winter (n = 192hrs)
	00h	01h	02h	03h	04h	05h	06h	07h	08h	09h	10h	11h	12h	13h	14h	15h	16h	17h	18h	19h	20h	21h	22h	23h
Lmin	17.0	17.2	16.8	16.4	16.8	16.7	16.5	17.5	16.4	16.2	17.4	17.8	17.6	19.6	20.0	20.1	17.5	17.2	16.7	16.7	16.8	18.9	17.6	15.5
L099	17.5	17.5	17.0	16.6	17.0	17.2	16.9	17.8	16.7	16.5	17.9	19.1	18.5	20.7	20.8	20.8	17.8	17.5	17.1	17.1	17.2	20.2	18.0	15.7
L090	18.3	18.0	17.4	16.9	17.7	17.7	17.5	18.3	17.6	17.1	19.3	20.9	20.0	23.0	23.2	22.4	18.9	18.3	18.2	18.3	18.3	23.0	20.1	16.0
Lnat	20.1	19.3	18.5	19.6	19.7	19.3	18.3	19.3	19.4	18.1	20.7	23.4	23.2	28.0	26.4	25.9	22.8	19.6	21.8	23.6	22.2	26.6	24.5	17.5
L050	20.2	19.6	18.6	19.6	20.2	19.8	18.5	19.5	20.0	19.0	21.9	24.7	26.1	28.7	27.4	27.1	24.0	20.4	22.7	25.1	24.0	27.5	24.8	17.8
L010	24.1	22.2	20.6	23.9	25.0	25.7	26.3	24.7	24.9	24.3	27.9	31.5	32.5	34.2	34.5	36.9	32.7	27.4	27.9	32.1	31.7	33.7	31.3	23.7
L001	30.5	32.1	33.0	33.8	35.7	38.3	40.2	37.0	35.1	31.4	36.9	39.3	42.3	40.0	43.0	41.7	39.2	35.9	35.5	37.9	37.8	42.8	39.8	36.3
Lmax	36.0	40.6	38.9	43.7	49.8	50.7	52.1	47.9	41.0	42.5	48.3	47.9	50.1	50.1	52.3	47.4	46.5	42.8	43.8	43.0	47.2	52.2	51.3	46.0
Leq	32.1	29.2	29.2	32.3	36.3	35.9	35.5	30.6	30.4	29.8	30.5	30.4	33.7	33.6	34.5	35.9	34.3	37.3	37.4	36.4	39.1	43.2	45.0	44.5

Median Hourly Metrics (dBT), Winter (n = 192hrs)
	00h	01h	02h	03h	04h	05h	06h	07h	08h	09h	10h	11h	12h	13h	14h	15h	16h	17h	18h	19h	20h	21h	22h	23h
Lmin	13.5	9.9	9.0	9.4	10.5	11.4	10.9	11.8	11.1	9.4	12.3	12.7	12.6	14.5	16.1	14.1	11.4	12.2	12.3	12.4	13.0	16.6	14.7	9.7
L099	14.2	10.5	9.4	9.8	11.1	12.0	11.5	12.4	11.9	9.7	13.0	13.8	13.5	15.3	16.9	14.8	12.2	13.2	12.8	13.0	13.6	18.1	15.3	10.3
L090	15.2	11.5	10.4	10.4	12.0	12.9	12.6	13.3	13.1	10.6	14.4	15.8	14.9	17.3	18.8	16.8	14.2	14.8	14.3	15.1	15.2	21.5	18.2	11.0
Lnat	16.8	13.8	13.2	12.4	15.8	14.9	14.1	14.6	14.7	11.9	16.4	19.6	18.5	22.8	22.6	21.6	20.3	17.1	19.6	22.0	20.3	25.2	23.4	14.0
L050	17.0	14.5	13.5	12.4	16.5	15.6	14.4	14.9	15.3	12.6	18.1	22.2	20.7	24.4	24.6	24.7	22.1	18.0	21.0	23.7	22.4	26.1	23.7	14.7
L010	21.0	19.0	17.2	17.8	23.9	24.8	22.9	21.4	20.5	17.7	25.0	28.6	29.4	32.0	33.1	35.7	30.9	25.9	26.7	30.8	30.4	32.6	30.0	22.0
L001	28.3	31.3	33.3	33.7	35.8	37.5	39.9	36.6	29.9	28.9	33.9	37.7	38.8	39.0	40.6	40.5	38.6	35.6	35.5	37.5	35.8	37.9	38.1	36.2
Lmax	34.3	38.1	37.5	44.1	48.7	47.7	49.8	44.1	40.0	33.5	41.5	46.7	49.8	47.0	50.1	47.0	45.8	42.2	40.0	41.5	43.9	48.0	47.1	44.0
Leq	31.1	28.2	28.0	31.1	35.5	35.4	34.8	29.8	29.0	28.5	28.5	28.8	32.5	32.1	33.5	35.1	33.4	36.7	36.8	35.8	33.4	37.6	40.2	40.9

Median Nighttime Frequency Metrics (dB), Winter (n = 96hrs)
	12.5Hz	15.8Hz	20Hz	25Hz	31.5Hz	40Hz	50Hz	63Hz	80Hz	100Hz	125Hz	160Hz	200Hz	250Hz	315Hz	400Hz	500Hz	630Hz	800Hz	1000Hz	1250Hz	1600Hz	2000Hz	2500Hz	3150Hz	4000Hz	5000Hz	6300Hz	8000Hz	10000Hz	12500Hz	16000Hz	20000Hz
L090	27.0	25.9	24.8	21.1	18.6	16.3	14.7	13.4	12.7	12.0	11.9	11.3	10.5	9.9	8.9	8.3	7.8	5.8	4.4	2.0	0.4	0.9	1.6	2.4	3.4	4.4	5.3	6.2	6.7	6.8	6.3	5.1	2.9
Lnat	30.5	29.1	27.9	24.3	21.7	19.3	17.1	15.8	14.9	14.7	14.7	14.8	14.8	13.8	13.2	12.7	10.2	8.6	7.1	4.6	3.0	2.0	2.6	3.8	4.5	5.7	6.7	7.2	7.6	7.7	7.0	5.6	3.3
L050	30.9	29.4	28.4	24.5	22.4	19.9	17.5	16.1	15.2	15.1	15.0	15.2	15.2	14.3	13.7	12.9	10.7	8.9	7.4	5.5	3.4	2.2	2.8	4.0	4.7	5.8	7.0	7.5	8.0	7.9	7.1	5.8	3.4
L010	36.3	34.3	33.0	29.6	27.6	26.3	24.6	23.5	23.3	23.0	23.1	23.2	23.6	22.9	20.3	17.7	15.3	13.7	12.3	10.7	10.7	9.8	8.3	7.6	7.7	8.7	9.8	10.4	11.2	11.1	10.5	9.3	5.9

Median Daytime Frequency Metrics (dB), Winter (n = 96hrs)
	12.5Hz	15.8Hz	20Hz	25Hz	31.5Hz	40Hz	50Hz	63Hz	80Hz	100Hz	125Hz	160Hz	200Hz	250Hz	315Hz	400Hz	500Hz	630Hz	800Hz	1000Hz	1250Hz	1600Hz	2000Hz	2500Hz	3150Hz	4000Hz	5000Hz	6300Hz	8000Hz	10000Hz	12500Hz	16000Hz	20000Hz
L090	29.4	27.9	26.2	23.0	20.6	18.7	16.4	14.6	13.1	12.1	12.2	12.0	12.4	11.9	10.1	8.9	8.4	7.3	6.2	4.9	3.6	2.8	2.7	3.2	4.0	4.8	5.6	6.4	6.9	6.9	6.3	5.0	2.8
Lnat	32.6	31.1	29.1	25.8	23.1	21.2	19.0	17.5	16.2	15.7	15.8	16.6	16.0	15.3	14.3	13.0	11.4	10.3	9.1	8.1	6.6	6.3	5.6	5.2	5.7	6.4	7.3	7.8	8.2	7.8	7.1	5.6	3.3
L050	34.1	32.1	30.2	26.7	24.3	22.3	20.8	19.0	18.4	17.7	18.1	18.7	19.0	19.4	17.8	15.6	13.7	11.8	10.7	9.9	9.0	8.3	7.2	6.6	7.2	7.8	8.4	9.0	9.2	8.5	7.8	6.1	3.7
L010	42.0	39.1	36.9	34.3	31.9	30.3	28.8	27.3	26.9	26.9	26.4	26.6	26.3	26.1	24.6	22.2	20.4	18.6	16.9	15.9	15.8	15.3	14.9	14.2	14.2	14.8	15.3	15.6	15.7	14.2	13.1	10.6	7.6

Ambient (dBA), Winter (n = 192hrs)
	Lmin	L099	L090	Lnat	L050	L010	L001	Lmax	Leq
Day	17.7	18.4	19.7	23.0	24.4	30.1	38.7	47.5	34.0
Night	16.7	17.1	17.9	20.3	20.3	25.8	36.7	45.6	39.6

Ambient (dBT), Winter (n = 192hrs)
	Lmin	L099	L090	Lnat	L050	L010	L001	Lmax	Leq
Day	12.6	13.5	14.9	18.6	20.8	26.9	37.3	44.9	33.1
Night	10.9	11.4	12.7	16.7	17.0	23.8	35.8	43.5	36.1

Time Above (%), Winter (n = 192hrs)
	35dBA	45dBA	52dBA	60dBA
Day	7.74	0.20	0.01	0.00
Night	26.71	1.81	0.06	0.00

Time Above (%), Winter (n = 192hrs)
	35dBT	45dBT	52dBT	60dBT
Day	5.70	0.14	0.01	0.00
Night	18.00	0.99	0.02	0.00

L90 Contour Data (dB), Winter (n = 192hrs)
	12.5Hz	15.8Hz	20Hz	25Hz	31.5Hz	40Hz	50Hz	63Hz	80Hz	100Hz	125Hz	160Hz	200Hz	250Hz	315Hz	400Hz	500Hz	630Hz	800Hz	1000Hz	1250Hz	1600Hz	2000Hz	2500Hz	3150Hz	4000Hz	5000Hz	6300Hz	8000Hz	10000Hz	12500Hz	16000Hz	20000Hz
00h	26.3	25.0	24.0	20.7	18.9	16.9	14.8	13.1	11.6	11.5	11.6	11.8	11.7	11.8	11.5	11.2	10.5	08.3	05.9	04.0	01.5	01.0	01.5	02.2	03.3	04.3	05.4	06.3	06.8	06.9	06.5	05.3	03.2
01h	25.4	24.2	23.2	19.5	16.7	15.0	13.6	12.3	11.7	11.7	11.7	11.3	10.4	09.6	08.0	06.6	06.0	04.6	02.8	00.9	00.2	00.6	01.5	02.5	03.4	04.5	05.5	06.4	06.9	07.1	06.5	05.0	02.8
02h	24.8	23.7	22.9	18.5	15.7	13.6	11.7	10.2	09.2	08.8	09.0	08.6	07.9	07.5	06.6	05.5	04.7	03.6	02.1	00.5	00.1	00.8	01.8	02.7	03.6	04.8	05.5	06.2	06.8	06.8	06.3	04.9	02.8
03h	24.8	23.8	23.4	19.4	16.7	14.3	12.4	10.7	09.9	09.2	09.2	08.9	08.3	07.9	06.7	06.2	05.8	04.2	01.9	00.1	-00.2	00.6	01.6	02.7	03.6	04.8	05.8	06.6	07.2	07.2	06.6	05.2	02.9
04h	26.5	25.2	23.9	20.0	17.8	15.7	14.1	12.4	11.5	11.1	10.7	10.7	10.2	09.9	08.5	08.0	07.1	05.2	02.6	00.6	00.3	00.8	01.8	03.0	03.9	05.0	06.1	07.1	07.6	07.6	07.0	05.8	03.6
05h	27.3	25.9	23.6	21.0	18.5	16.3	14.6	13.7	13.3	13.4	14.1	14.2	13.7	13.0	10.9	08.5	05.9	02.9	00.6	-00.1	00.2	00.8	01.7	02.4	03.3	04.3	05.2	06.1	06.7	06.7	06.1	04.9	02.7
06h	27.2	25.8	24.2	21.7	20.4	18.8	16.6	14.8	13.2	12.7	12.8	13.4	13.0	12.0	10.1	07.8	05.2	02.5	00.5	-00.6	-00.5	00.4	01.3	02.4	03.2	04.1	05.1	06.0	06.5	06.6	06.0	04.8	02.6
07h	27.6	26.7	24.8	21.8	19.2	17.0	14.3	12.2	09.9	09.3	09.8	09.7	10.4	10.5	09.1	07.9	06.7	04.2	02.0	00.5	00.2	00.7	01.5	02.3	03.2	04.1	05.0	05.9	06.5	06.6	06.0	04.8	02.7
08h	28.3	27.2	25.4	22.7	20.1	17.8	15.4	13.2	10.7	09.4	09.5	09.9	10.3	10.6	09.0	07.6	06.0	04.2	01.8	00.3	00.1	00.7	01.5	02.3	03.1	04.1	05.0	05.9	06.5	06.6	06.1	04.8	02.7
09h	29.0	28.0	25.7	22.6	20.1	17.9	15.3	13.0	10.2	08.2	07.8	08.0	08.4	08.4	06.9	05.2	03.7	02.3	01.6	00.8	00.7	01.2	02.1	02.8	03.6	04.5	05.5	06.3	06.9	06.9	06.3	05.1	02.8
10h	28.8	27.5	25.5	22.2	20.0	17.7	15.5	13.4	11.3	09.5	09.5	09.8	10.6	10.7	10.1	09.4	07.9	06.2	04.8	03.4	02.1	02.1	02.7	02.9	03.7	04.5	05.5	06.3	06.9	06.9	06.3	05.0	02.7
11h	29.7	28.1	25.9	23.2	21.0	19.1	17.4	15.9	13.9	12.8	13.2	13.8	13.5	13.2	11.8	10.3	09.4	08.4	07.5	06.6	05.4	03.8	03.1	03.4	04.0	04.9	05.8	06.5	07.0	07.0	06.4	05.0	02.8
12h	29.2	28.1	26.3	23.0	20.9	18.7	16.6	14.9	12.5	11.0	10.3	10.6	10.9	11.1	10.1	08.9	08.5	07.9	06.9	05.7	05.2	04.9	05.3	04.8	05.0	05.6	06.4	07.2	07.4	07.2	06.5	05.3	03.1
13h	30.0	28.7	27.0	24.0	21.7	20.0	17.7	16.5	15.9	15.2	14.9	14.4	14.0	13.8	12.7	11.2	10.5	10.0	09.4	08.3	07.7	07.8	07.3	06.6	06.3	06.6	07.3	07.7	07.8	07.6	06.6	05.3	03.0
14h	30.8	29.2	26.9	23.7	21.2	19.2	17.4	15.9	15.5	15.7	15.4	15.3	15.0	15.3	14.3	13.1	12.1	10.8	09.8	09.3	08.7	07.9	06.0	04.9	05.1	05.6	06.3	06.8	07.2	07.1	06.5	05.1	02.9
15h	30.7	29.1	27.2	24.1	21.6	19.7	17.7	16.1	15.5	15.0	15.0	14.9	14.5	14.4	13.0	11.9	10.7	09.4	08.0	06.8	05.9	05.3	05.5	05.5	05.6	06.0	06.8	07.2	07.5	07.3	06.5	05.2	03.0
16h	29.0	27.6	25.8	22.6	20.1	18.2	16.4	14.8	13.6	12.9	12.9	12.8	12.6	12.7	11.1	09.4	07.8	06.2	04.8	03.9	03.2	02.8	02.7	03.3	04.1	04.7	05.6	06.4	06.8	06.9	06.2	05.0	02.8
17h	28.3	27.2	25.5	22.0	19.6	17.5	15.7	13.7	13.1	12.8	13.2	13.5	13.4	13.2	11.6	10.3	09.0	07.0	04.9	03.6	03.0	02.3	02.2	02.7	03.6	04.4	05.4	06.2	06.8	06.8	06.2	04.9	02.8
18h	29.1	27.7	26.3	22.5	19.7	17.9	16.2	14.3	13.2	13.1	13.5	13.6	13.3	13.2	11.6	10.1	08.6	06.6	04.6	03.5	02.8	02.2	02.0	02.5	03.3	04.3	05.3	06.1	06.7	06.7	06.0	04.8	02.7
19h	29.1	27.7	25.7	22.4	19.8	17.9	16.3	14.3	13.4	12.8	12.8	12.6	12.4	12.8	11.8	10.8	09.8	08.3	06.4	04.2	02.4	01.6	01.7	02.3	03.2	04.2	05.2	06.1	06.7	06.7	06.0	04.7	02.7
20h	28.7	27.2	25.6	22.5	19.9	17.8	16.4	14.3	13.0	12.6	12.3	11.9	11.9	12.4	11.8	10.8	09.7	07.9	06.4	04.3	02.4	01.7	01.9	02.6	03.5	04.4	05.5	06.3	06.9	06.9	06.2	04.8	02.7
21h	29.3	27.9	26.4	24.2	22.5	21.4	20.0	18.8	18.1	18.0	18.2	18.4	18.6	19.1	18.1	17.0	15.8	14.4	12.6	10.9	08.8	06.3	04.6	04.1	04.5	05.2	06.1	06.8	07.2	07.2	06.5	05.2	03.0
22h	28.3	26.6	25.3	22.4	20.2	18.9	17.6	16.2	15.4	15.0	15.0	15.0	15.2	15.6	14.7	13.9	13.0	11.5	09.7	07.6	05.4	03.6	02.7	02.8	03.4	04.3	05.2	06.0	06.7	06.8	06.3	05.1	03.0
23h	26.0	24.6	23.6	19.9	17.7	15.4	13.3	10.6	08.9	08.4	08.6	08.8	08.9	08.6	07.1	06.5	06.1	04.8	02.9	00.7	00.0	00.4	01.2	02.0	03.0	04.1	05.1	05.9	06.6	06.8	06.2	05.1	03.0

Lnat Contour Data (dB), Winter (n = 192hrs)
	12.5Hz	15.8Hz	20Hz	25Hz	31.5Hz	40Hz	50Hz	63Hz	80Hz	100Hz	125Hz	160Hz	200Hz	250Hz	315Hz	400Hz	500Hz	630Hz	800Hz	1000Hz	1250Hz	1600Hz	2000Hz	2500Hz	3150Hz	4000Hz	5000Hz	6300Hz	8000Hz	10000Hz	12500Hz	16000Hz	20000Hz
00h	30.5	28.9	27.5	24.3	21.9	19.7	17.7	15.9	14.5	14.6	14.9	15.3	15.3	15.1	13.7	13.1	12.2	10.5	08.7	06.5	04.1	03.0	03.0	03.8	04.3	05.4	06.8	07.6	07.9	07.7	07.0	05.7	03.5
01h	28.8	27.2	26.0	22.0	19.3	17.5	16.0	14.8	14.2	14.3	14.3	14.0	13.2	12.2	10.5	08.8	08.1	06.9	05.0	03.0	01.6	01.5	02.3	03.4	04.6	05.5	06.5	07.1	07.7	07.6	07.0	05.8	03.7
02h	28.1	26.7	25.8	21.0	18.0	15.7	13.9	12.4	11.5	11.3	11.5	11.0	10.2	09.7	08.5	08.0	07.8	06.8	05.2	02.8	01.2	01.3	02.3	03.5	04.6	05.6	06.6	07.1	07.4	07.4	06.8	05.6	03.5
03h	28.6	26.9	26.4	21.9	19.0	16.8	14.9	13.4	12.6	12.0	12.0	11.7	11.1	10.7	09.2	08.2	07.6	05.9	03.5	01.1	00.7	01.7	03.0	04.0	04.6	05.8	07.2	08.4	09.3	09.4	09.0	07.8	05.5
04h	30.0	28.3	27.0	22.6	20.1	17.8	16.0	14.2	13.4	12.8	12.3	12.3	11.8	12.3	12.1	11.9	11.4	09.6	06.6	03.7	01.7	01.4	02.5	03.8	04.7	05.7	06.8	07.9	08.8	09.0	08.6	07.1	04.7
05h	31.1	29.5	27.4	24.6	21.7	19.2	17.2	16.3	15.6	15.6	16.2	16.3	15.7	15.0	12.9	10.6	08.2	05.6	03.4	02.3	02.2	02.4	03.1	03.7	04.6	05.6	06.7	07.4	07.7	07.5	06.6	05.1	02.9
06h	30.6	28.7	27.0	24.4	22.4	20.8	18.9	17.0	15.4	14.9	14.9	15.5	14.7	13.9	11.7	09.6	07.0	04.1	01.4	00.1	00.1	00.8	01.7	02.8	03.7	04.5	05.4	06.2	06.7	06.8	06.2	04.9	02.8
07h	30.7	29.6	27.5	24.0	21.2	18.7	15.9	13.9	11.7	11.2	12.7	11.8	12.4	12.5	10.9	09.5	08.2	06.3	04.0	02.0	01.1	01.3	02.1	02.9	03.8	04.5	05.4	06.3	06.8	06.8	06.2	04.9	02.8
08h	31.1	30.0	27.9	24.7	21.9	19.4	16.8	14.6	12.2	11.2	11.4	11.8	12.1	12.3	10.5	09.0	07.7	06.6	03.7	02.2	01.8	02.2	02.9	03.6	04.3	05.1	05.8	06.5	07.0	06.9	06.2	05.0	02.8
09h	31.5	30.6	28.5	24.5	21.8	19.3	16.6	14.4	11.6	09.7	09.4	09.6	10.1	10.1	08.3	06.6	05.0	03.4	02.9	02.1	01.7	02.2	03.0	04.1	05.2	05.9	06.8	07.3	07.8	07.5	06.7	05.5	03.3
10h	31.1	29.8	27.5	24.1	21.9	19.8	17.8	15.8	14.1	12.8	12.3	13.4	14.2	14.1	13.2	11.7	09.8	08.1	06.7	05.2	04.2	03.8	03.9	04.4	04.8	05.6	06.5	07.1	07.5	07.2	06.5	05.3	03.1
11h	32.9	31.4	29.2	25.7	23.6	21.6	20.0	18.7	16.6	16.1	16.8	17.7	17.9	17.6	16.2	14.6	13.3	11.8	10.5	09.8	08.8	07.8	06.3	06.0	06.5	06.9	07.7	08.2	08.4	07.9	07.1	05.7	03.3
12h	32.0	30.5	28.3	25.0	22.9	20.7	18.6	17.0	15.3	14.2	13.9	14.5	14.8	14.8	13.2	12.2	11.3	10.3	09.2	08.2	07.5	07.1	07.2	07.6	07.6	08.0	09.0	09.5	09.3	08.8	07.6	05.8	03.5
13h	35.2	33.1	30.9	28.4	26.1	24.4	22.7	21.3	21.0	20.8	20.9	21.1	21.2	21.0	19.5	17.9	16.5	14.9	13.2	12.8	13.0	13.1	12.6	11.0	10.1	10.1	10.6	10.9	10.4	09.6	08.3	06.3	03.8
14h	35.2	33.1	30.8	28.2	26.1	24.1	22.2	20.4	19.8	19.9	20.2	20.5	20.7	20.7	19.4	17.9	16.6	14.9	13.1	11.7	11.6	11.2	10.6	09.3	09.1	08.8	09.4	09.4	09.1	08.7	07.6	05.8	03.3
15h	34.6	32.7	31.0	28.4	26.1	24.2	22.4	20.8	20.0	19.9	19.9	19.8	19.8	19.6	18.1	16.8	15.5	13.9	12.2	10.5	09.7	09.4	09.2	09.5	09.7	09.8	10.1	10.3	09.9	09.3	08.1	06.2	03.6
16h	32.9	31.1	29.0	26.3	23.6	21.7	20.0	18.7	17.9	18.1	18.5	18.6	18.7	18.6	17.2	15.8	14.3	12.6	10.6	09.0	08.0	07.2	06.6	06.1	06.2	07.1	08.3	08.8	08.9	08.5	07.4	05.6	03.2
17h	31.3	29.7	27.9	24.2	21.6	19.5	17.6	15.8	15.3	15.3	15.6	16.0	15.8	15.6	14.1	12.6	11.3	09.6	07.5	05.8	04.6	03.9	03.3	03.4	04.2	05.1	06.1	06.8	07.4	07.4	06.8	05.4	03.2
18h	32.4	30.6	29.1	25.6	22.7	21.0	19.4	18.2	17.5	17.6	18.1	18.4	18.4	18.2	16.7	15.4	14.1	12.3	10.3	08.3	07.1	05.8	04.6	04.3	04.5	05.2	06.1	06.8	07.4	07.3	06.4	04.9	02.8
19h	33.3	31.7	29.3	26.8	24.5	23.0	21.5	20.1	19.3	18.9	19.0	18.9	19.2	19.8	18.9	17.9	16.7	15.0	13.1	11.3	09.5	07.4	05.7	05.1	05.4	06.0	06.9	07.4	07.6	07.6	06.8	05.1	02.8
20h	33.1	31.3	29.2	27.0	24.8	23.1	21.9	20.2	19.1	18.7	18.4	18.1	18.2	18.1	16.5	15.5	14.2	12.8	10.6	08.7	06.9	05.6	04.6	04.7	05.3	06.0	07.0	07.6	08.0	07.9	07.3	05.8	03.3
21h	33.3	31.5	29.9	27.6	25.8	24.7	23.2	21.9	21.3	21.6	21.7	21.8	22.4	23.0	22.1	20.9	19.6	18.1	16.3	14.8	13.4	11.6	09.3	08.1	08.0	08.5	09.1	09.3	09.1	08.5	07.5	06.1	03.8
22h	32.0	30.1	28.9	25.8	23.5	22.0	20.5	19.2	18.5	18.4	18.8	19.3	19.8	20.6	19.9	19.2	18.3	16.9	15.2	13.6	11.9	09.7	07.3	05.9	05.7	06.2	06.9	07.4	07.7	07.5	06.8	05.4	03.3
23h	29.5	27.8	26.7	22.8	20.2	18.0	16.1	13.8	12.1	11.5	11.6	12.0	12.1	11.8	10.5	09.4	08.6	07.3	05.5	03.3	01.8	01.5	01.8	02.5	03.4	04.4	05.4	06.2	06.8	06.9	06.4	05.3	03.3

L50 Contour Data (dB), Winter (n = 192hrs)
	12.5Hz	15.8Hz	20Hz	25Hz	31.5Hz	40Hz	50Hz	63Hz	80Hz	100Hz	125Hz	160Hz	200Hz	250Hz	315Hz	400Hz	500Hz	630Hz	800Hz	1000Hz	1250Hz	1600Hz	2000Hz	2500Hz	3150Hz	4000Hz	5000Hz	6300Hz	8000Hz	10000Hz	12500Hz	16000Hz	20000Hz
00h	30.8	29.1	27.8	24.5	22.1	19.9	17.9	16.1	14.8	14.8	15.1	15.5	15.6	15.4	13.9	13.2	12.3	10.6	09.0	06.8	04.5	03.3	03.2	03.9	04.4	05.4	06.8	07.8	07.9	07.8	07.1	05.7	03.6
01h	29.3	27.6	26.4	22.4	19.7	18.0	16.4	15.2	14.6	14.7	14.8	14.5	13.7	12.7	11.0	09.4	09.0	07.7	06.0	03.8	02.0	01.7	02.5	03.7	04.9	05.8	06.8	07.4	07.9	07.9	07.2	06.0	03.8
02h	28.4	26.9	26.0	21.2	18.2	16.0	14.1	12.6	11.8	11.5	11.7	11.2	10.5	09.9	08.8	08.3	08.1	07.1	05.6	03.2	01.4	01.4	02.3	03.5	04.8	05.8	06.8	07.2	07.5	07.5	06.9	05.7	03.6
03h	28.7	27.0	26.6	22.0	19.1	16.9	15.1	13.6	12.8	12.2	12.1	11.9	11.2	10.8	09.3	08.3	07.7	06.0	03.6	01.1	00.7	01.7	03.1	04.1	04.6	05.8	07.2	08.5	09.4	09.6	09.1	07.9	05.6
04h	30.7	28.9	27.5	23.1	20.5	18.2	16.3	14.5	13.7	13.2	12.6	12.6	12.4	12.8	12.7	12.6	12.2	10.5	07.4	04.3	02.2	01.6	02.6	04.0	04.9	05.9	07.1	08.1	09.1	09.2	08.8	07.5	05.0
05h	31.6	30.1	28.1	25.1	22.5	20.0	17.8	17.0	16.2	16.1	16.8	16.8	16.3	15.6	13.5	11.2	09.2	06.8	04.4	03.0	02.9	03.0	03.5	03.9	04.7	05.8	06.8	07.8	08.0	07.8	06.7	05.2	03.0
06h	31.3	29.5	27.7	24.9	22.8	21.2	19.4	17.6	16.0	15.4	15.4	15.9	15.1	14.2	12.1	09.9	07.4	04.5	01.8	00.3	00.3	01.0	01.9	02.9	03.9	04.7	05.5	06.3	06.8	06.9	06.2	05.0	02.9
07h	31.3	30.2	28.0	24.4	21.6	19.0	16.2	14.3	12.1	11.7	13.3	12.3	12.9	13.0	11.3	09.8	08.5	06.7	04.5	02.3	01.2	01.5	02.4	03.2	04.1	04.7	05.5	06.4	06.9	06.8	06.2	04.9	02.8
08h	31.7	30.7	28.5	25.2	22.3	19.7	17.1	15.0	12.5	11.9	12.1	12.5	12.8	13.0	11.1	09.6	08.2	07.2	04.7	03.0	02.6	02.9	03.5	04.6	05.2	05.5	06.2	06.8	07.3	07.0	06.4	05.0	02.8
09h	32.4	31.4	29.6	25.2	22.4	19.9	17.2	15.0	12.2	10.4	10.1	10.4	11.0	10.9	09.1	07.4	05.6	04.2	03.7	02.8	02.2	02.7	03.5	04.6	05.9	06.8	07.6	08.2	08.6	07.9	07.1	05.7	03.5
10h	33.3	31.5	29.1	25.7	23.5	21.5	19.7	17.9	16.4	15.8	15.9	16.5	17.1	16.8	15.2	13.3	11.5	09.7	08.2	06.8	06.0	05.4	05.1	05.8	06.6	07.2	07.8	08.5	08.8	08.1	07.1	05.6	03.4
11h	34.6	32.7	30.4	27.1	24.8	22.6	21.3	20.0	18.4	18.1	18.5	19.6	20.3	20.5	19.2	17.6	16.0	13.8	11.8	10.9	10.5	09.5	08.2	07.8	08.2	08.6	09.2	09.4	09.5	08.9	07.9	06.2	03.8
12h	34.4	32.2	29.8	26.6	24.7	22.8	21.0	19.7	18.1	17.1	16.9	17.4	17.7	17.9	16.3	14.9	13.8	12.5	11.7	10.8	09.8	09.2	09.0	09.4	09.8	10.4	11.2	11.6	11.2	10.5	09.0	06.8	04.0
13h	37.2	34.9	32.6	30.0	27.7	26.0	24.3	22.6	22.4	22.3	22.3	22.5	22.7	22.6	20.9	19.5	18.3	16.8	15.0	13.7	14.0	14.0	13.7	12.9	12.0	11.8	11.9	12.0	11.5	10.8	09.3	07.1	04.2
14h	37.4	35.2	32.9	30.2	28.3	26.0	24.3	22.7	21.9	21.9	22.1	22.4	22.6	22.8	21.7	20.2	18.6	17.0	15.2	13.7	12.6	12.4	12.0	11.3	10.7	10.4	11.4	11.5	11.0	10.4	09.0	06.7	03.9
15h	36.6	34.5	32.8	30.4	28.4	26.5	25.0	23.3	22.6	22.7	22.9	22.8	23.3	23.3	21.7	19.9	18.0	16.2	14.4	12.8	12.0	12.0	11.9	11.2	10.9	11.4	11.6	11.6	11.0	10.3	09.0	07.0	04.4
16h	34.2	32.2	30.1	27.5	24.8	23.2	21.5	20.4	19.6	19.8	20.2	20.4	20.5	20.3	18.8	17.5	16.2	14.6	12.9	11.1	09.8	08.7	07.6	07.0	07.0	07.8	09.1	09.6	09.7	09.2	08.1	06.2	03.5
17h	32.5	30.6	28.7	25.2	22.5	20.3	18.4	16.8	16.3	16.4	16.6	17.0	16.9	16.7	15.1	13.6	12.3	10.5	08.6	06.8	05.4	04.6	04.0	03.9	04.6	05.4	06.5	07.2	07.7	07.7	07.0	05.8	03.5
18h	33.6	31.5	30.0	26.7	23.9	22.1	20.7	19.5	18.9	19.0	19.5	19.8	19.9	19.8	18.2	16.7	15.2	13.5	11.6	09.8	08.2	06.4	05.2	04.7	04.8	05.4	06.3	07.0	07.6	07.6	06.7	05.1	02.8
19h	34.3	32.7	30.3	27.9	25.8	24.3	22.9	21.4	20.6	20.3	20.3	20.4	20.8	21.3	20.6	19.7	18.5	16.7	14.7	12.8	11.2	09.5	07.6	06.5	06.4	06.9	07.8	08.1	08.1	07.8	07.1	05.5	03.1
20h	34.0	32.3	30.2	28.0	25.9	24.2	22.7	21.3	20.7	20.3	20.2	19.9	20.0	20.3	19.0	17.8	16.3	14.6	12.6	11.0	09.2	07.5	05.9	05.6	05.9	06.7	07.6	08.1	08.4	08.2	07.6	06.3	03.7
21h	34.5	32.7	31.0	28.7	26.8	25.7	24.2	23.0	22.3	22.7	22.7	22.8	23.4	23.9	23.0	21.7	20.5	18.9	17.3	15.8	14.5	12.9	10.8	09.4	09.2	09.6	10.4	10.4	10.0	09.3	08.0	06.3	04.2
22h	32.2	30.4	29.1	25.9	23.7	22.2	20.7	19.4	18.6	18.6	19.0	19.5	20.0	20.8	20.3	19.5	18.5	17.2	15.5	14.0	12.3	10.1	07.8	06.3	06.1	06.4	07.2	07.6	07.8	07.6	06.9	05.5	03.3
23h	29.9	28.1	27.1	23.1	20.6	18.6	16.7	14.6	12.9	12.2	12.0	12.4	12.4	12.4	11.3	10.1	09.0	07.8	06.0	04.1	02.3	01.8	02.0	02.7	03.5	04.4	05.4	06.2	06.9	07.0	06.5	05.3	03.3

L05 Contour Data (dB), Winter (n = 192hrs)
	12.5Hz	15.8Hz	20Hz	25Hz	31.5Hz	40Hz	50Hz	63Hz	80Hz	100Hz	125Hz	160Hz	200Hz	250Hz	315Hz	400Hz	500Hz	630Hz	800Hz	1000Hz	1250Hz	1600Hz	2000Hz	2500Hz	3150Hz	4000Hz	5000Hz	6300Hz	8000Hz	10000Hz	12500Hz	16000Hz	20000Hz
00h	38.8	36.4	34.3	31.9	29.2	26.7	24.3	22.7	21.8	21.2	21.4	22.0	22.3	21.7	19.8	18.2	16.7	14.9	13.2	12.1	11.4	11.0	10.6	10.6	10.6	10.8	11.3	11.9	12.6	12.5	11.1	09.0	06.3
01h	36.0	33.9	32.5	30.4	29.3	28.5	27.0	25.2	23.8	23.6	23.1	22.0	21.5	21.2	19.0	15.9	14.3	13.0	11.5	09.3	08.5	06.8	07.0	08.3	09.9	11.3	11.7	12.7	13.5	12.8	11.8	09.9	07.4
02h	34.9	32.5	31.1	28.2	26.8	25.1	23.8	23.1	22.6	23.3	23.0	22.5	21.0	19.1	16.2	13.7	13.2	11.6	10.6	08.2	05.2	04.6	05.5	06.8	08.3	09.8	10.9	11.7	12.4	11.8	10.9	09.4	06.9
03h	35.9	33.3	32.4	28.4	26.8	26.2	25.2	23.7	22.8	22.5	22.1	21.8	22.0	21.6	18.7	18.2	17.6	14.7	11.4	08.5	07.3	07.1	07.2	07.8	07.3	07.9	09.1	10.1	11.3	11.7	11.4	10.3	08.3
04h	44.4	40.7	37.5	34.6	32.8	31.6	30.2	28.7	28.2	28.3	28.1	28.6	29.5	29.7	28.0	24.5	21.6	16.9	12.9	11.2	10.7	10.6	09.9	09.0	09.7	10.9	11.8	12.4	12.9	13.2	13.0	11.8	09.6
05h	38.6	36.9	35.3	33.3	32.7	31.0	29.2	27.6	29.5	29.9	28.3	28.7	29.2	28.9	25.7	22.6	17.8	15.8	13.4	11.3	10.5	09.8	08.8	07.0	07.1	08.2	09.3	10.2	11.2	10.7	10.0	08.5	05.6
06h	37.1	34.9	33.1	29.8	28.7	27.8	26.6	27.0	26.6	27.4	31.0	29.0	27.6	26.6	24.4	23.3	18.9	15.6	11.4	09.6	10.4	11.7	12.2	08.9	10.0	09.0	09.4	10.4	10.1	09.4	08.4	06.4	03.5
07h	38.6	36.4	34.2	30.6	27.5	24.6	22.4	20.9	22.3	21.2	21.9	21.9	23.0	21.4	20.5	17.6	16.4	16.5	17.8	15.5	13.1	12.5	10.9	11.2	11.5	11.1	11.0	12.8	13.1	11.1	09.8	07.4	04.0
08h	36.4	34.5	33.1	29.2	26.6	24.1	22.0	20.5	19.2	20.0	20.3	20.4	20.3	20.5	18.6	16.4	14.2	13.8	12.9	12.5	12.5	13.5	14.6	12.2	12.1	12.0	12.7	14.9	17.8	10.7	09.8	08.2	05.3
09h	37.6	36.0	35.2	31.9	29.9	27.5	26.1	24.0	21.3	20.3	18.8	19.6	21.1	21.0	18.7	15.2	10.8	10.9	10.5	10.9	09.3	14.1	16.5	14.0	12.1	11.7	12.7	15.2	16.4	12.9	12.0	10.7	07.6
10h	43.2	40.1	38.3	35.0	33.1	31.6	29.4	27.3	26.6	27.5	28.9	28.4	28.4	27.9	25.5	21.5	19.9	17.5	15.7	14.6	14.6	14.7	14.6	14.7	16.0	16.5	17.0	17.7	17.7	16.4	15.2	12.2	08.5
11h	49.2	45.5	42.2	39.0	35.9	34.3	32.6	30.5	30.1	30.7	31.1	30.6	31.2	31.0	29.7	26.7	24.3	21.8	20.4	19.3	18.9	18.9	18.6	17.9	17.3	18.5	19.6	19.5	19.8	18.0	16.4	13.9	10.3
12h	49.9	45.9	42.6	39.4	36.3	34.0	32.5	31.0	29.8	30.0	30.1	30.7	33.5	33.5	30.3	28.6	25.4	22.7	21.1	19.8	19.2	18.6	18.7	19.2	19.6	20.4	21.3	21.4	21.4	20.1	18.4	15.4	10.8
13h	51.6	47.8	44.3	41.3	38.0	35.9	33.7	31.6	31.1	32.1	32.1	32.8	33.2	32.7	31.5	30.1	28.1	26.0	24.3	22.9	22.3	22.0	21.6	21.1	21.3	21.4	21.8	21.7	21.2	20.5	18.8	16.0	11.7
14h	51.2	47.2	44.0	41.2	37.7	35.3	33.2	31.4	31.0	32.3	32.9	33.0	33.1	33.2	31.7	30.3	28.5	26.7	25.1	22.9	23.0	21.4	19.9	19.0	19.0	20.0	21.1	21.2	20.6	19.3	17.7	14.3	10.0
15h	51.6	48.1	44.6	41.7	38.8	36.8	35.0	33.5	34.1	35.5	35.9	36.9	36.1	35.4	33.8	33.0	31.3	29.3	26.7	24.2	23.5	22.9	22.7	21.8	20.7	19.4	19.6	19.9	20.1	19.5	17.7	14.5	10.4
16h	48.8	45.3	42.2	39.2	36.5	34.4	32.7	31.7	32.6	32.0	31.6	31.5	32.0	32.4	30.9	29.1	27.3	25.3	23.4	21.8	21.0	20.4	19.9	19.4	18.6	17.7	18.0	17.7	19.4	16.6	15.9	13.5	09.2
17h	42.8	40.0	37.8	36.1	34.7	33.3	31.7	30.0	29.6	29.7	30.5	30.2	29.8	28.7	25.8	23.7	21.2	18.2	15.9	14.9	14.2	13.0	11.4	10.7	10.6	10.9	11.7	11.9	12.0	11.6	10.6	08.8	06.1
18h	43.8	40.6	37.7	35.0	32.9	31.7	30.4	29.1	29.0	28.4	29.0	29.3	29.1	28.5	25.9	24.2	22.5	20.8	19.2	17.9	17.0	15.7	13.7	11.7	10.9	11.0	11.7	11.5	11.3	11.3	10.5	08.8	05.5
19h	46.6	43.3	40.3	38.0	35.6	34.5	33.0	31.5	31.8	32.0	31.5	30.8	31.3	31.4	29.9	28.5	27.0	25.1	23.5	22.2	21.2	20.2	19.2	17.9	16.8	16.3	16.1	15.9	15.3	14.7	13.6	11.4	07.8
20h	45.7	42.1	39.4	36.9	34.6	32.9	31.3	30.0	29.3	30.0	30.2	30.7	31.3	31.0	28.2	26.0	24.5	23.1	22.6	21.3	20.4	19.0	17.9	16.5	16.5	17.5	18.1	18.0	17.6	16.1	14.3	11.1	08.2
21h	45.5	42.1	39.3	36.6	34.4	33.7	32.2	30.8	30.8	31.4	31.6	32.4	32.8	32.7	29.5	27.5	26.2	25.5	25.1	23.9	23.2	21.7	20.4	19.1	18.9	19.6	20.5	20.4	19.9	18.8	16.5	13.2	09.1
22h	39.5	37.0	35.0	33.0	31.6	30.7	29.9	28.3	27.6	28.1	28.1	27.8	27.5	26.4	25.4	24.2	24.4	24.4	23.2	22.3	21.4	20.0	18.7	17.2	16.7	16.8	17.5	17.4	17.1	16.0	14.1	11.8	08.5
23h	39.7	37.0	35.1	32.8	31.7	29.7	28.6	26.4	25.4	25.1	24.8	24.1	25.3	26.5	22.8	19.7	17.9	15.7	13.9	12.5	11.0	09.5	08.1	07.3	07.7	08.7	09.5	10.0	09.8	09.8	09.3	08.0	05.8

Listening Center Detailed Event Audibility (%), Winter (n = 10 days)
Src	00h	01h	02h	03h	04h	05h	06h	07h	08h	09h	10h	11h	12h	13h	14h	15h	16h	17h	18h	19h	20h	21h	22h	23h
1	0.0	0.7	1.0	0.0	0.0	2.0	0.0	0.0	0.0	0.0	0.3	0.0	0.3	0.3	0.7	1.0	0.0	1.0	0.0	0.7	0.3	0.3	0.0	0.0
1.1	3.0	6.3	5.7	5.0	10.0	5.0	9.0	3.7	1.7	3.3	15.3	10.3	18.0	11.3	11.0	12.7	7.0	15.0	10.7	14.7	13.0	9.7	5.7	9.7
1.2	0.0	0.7	0.7	0.0	0.0	6.3	6.0	2.3	1.3	4.7	2.3	3.7	3.3	1.3	0.0	0.7	5.0	2.0	2.0	1.3	1.0	4.3	0.3	0.3
2	0.0	0.3	0.0	0.0	0.0	0.0	0.0	1.3	0.7	0.0	3.7	0.3	0.7	1.7	0.0	0.7	0.0	0.0	1.7	0.3	0.7	0.0	0.0	0.3
4	0.0	1.0	0.3	0.0	0.3	0.0	0.3	3.3	10.0	11.3	15.3	9.7	7.7	5.0	10.0	6.7	2.3	6.3	5.0	0.0	0.0	5.3	0.0	0.0
6	0.0	1.3	0.0	0.0	3.3	0.3	0.3	5.7	2.3	7.7	3.0	2.0	2.7	1.0	4.0	4.7	4.0	3.3	2.7	1.7	1.3	0.0	0.0	0.0
8	0.0	0.0	0.0	0.0	0.0	0.0	0.0	0.0	0.3	0.0	0.0	0.0	0.7	0.0	0.0	0.0	0.0	0.0	0.0	0.0	0.0	0.0	0.0	0.0
8.1	0.0	0.0	0.0	0.0	0.0	0.0	0.0	0.0	1.7	0.3	2.7	1.7	3.3	3.7	2.3	0.3	0.3	0.0	0.0	0.0	0.0	0.0	0.0	0.0
8.2	0.0	0.0	0.0	0.0	0.0	0.0	0.0	0.0	0.0	0.0	0.0	0.0	0.0	0.7	0.0	0.0	0.0	0.0	0.0	0.0	0.0	0.0	0.0	0.0
8.3	0.0	0.0	0.0	0.0	0.0	0.0	0.0	0.0	1.3	1.0	0.0	0.0	1.7	0.0	1.0	0.7	0.0	0.0	0.0	0.0	0.0	0.0	0.0	0.0
9.1	0.0	0.0	0.0	0.0	0.0	0.0	0.3	0.0	0.0	0.0	0.3	0.0	0.0	0.0	0.0	0.0	0.0	0.0	0.0	0.0	0.0	0.0	0.0	0.0
11	0.0	0.0	0.0	0.0	0.0	0.0	0.0	0.0	0.3	0.3	0.0	0.0	0.0	0.0	0.0	0.0	0.0	0.0	0.0	0.0	0.0	0.0	0.0	0.0
19.1	2.3	0.3	0.0	0.0	0.0	0.0	0.0	0.0	0.0	0.0	0.0	0.0	0.0	0.0	0.0	0.0	0.0	0.0	0.0	0.7	0.0	0.0	0.0	0.0
20	0.7	0.3	0.0	0.0	0.0	0.0	1.7	0.7	2.0	0.7	2.0	2.0	1.3	0.7	0.7	0.0	0.7	0.0	0.0	0.0	0.0	0.0	0.0	0.0
21	25.7	26.7	26.3	25.0	23.3	24.3	25.7	22.7	14.3	20.3	19.3	29.3	32.7	25.0	23.7	17.3	19.7	20.3	32.7	18.7	19.7	14.0	11.7	14.0
21.1	38.3	37.0	38.7	34.3	29.3	37.3	30.0	28.3	29.3	29.3	28.0	35.3	30.7	35.3	39.0	35.7	38.3	36.7	30.3	32.7	42.0	40.0	36.0	28.3
21.2	5.7	1.3	0.3	2.3	5.3	3.0	1.7	0.3	1.0	2.7	3.7	5.0	3.3	10.0	7.7	10.7	10.0	7.7	6.3	14.7	8.7	11.0	19.0	18.7
22	8.7	3.0	5.7	9.0	11.0	11.0	8.3	3.3	0.3	4.0	12.7	9.7	7.3	12.3	9.0	7.7	14.0	13.3	7.0	14.3	19.0	17.0	16.0	12.3
22.1	1.0	1.3	7.7	0.0	0.0	0.0	0.0	0.0	0.0	0.0	5.3	11.0	19.0	19.0	10.7	10.0	0.3	0.0	3.0	0.0	0.3	0.7	1.7	3.3
22.3	11.7	10.7	10.0	18.0	12.3	10.0	10.0	10.0	10.0	10.0	14.0	6.3	9.0	11.0	3.3	0.7	0.0	2.0	0.3	0.0	0.0	0.7	0.0	0.0
24	0.3	2.7	4.0	1.0	1.3	1.3	1.3	0.0	0.0	4.3	1.7	0.7	0.3	0.7	1.0	1.0	2.0	1.0	4.0	4.3	6.3	3.7	1.7	0.7
24.1	0.0	0.0	0.0	0.0	0.0	0.0	0.0	0.0	0.0	0.0	0.0	0.3	0.0	0.0	0.7	0.3	0.0	0.0	0.3	0.3	0.7	0.7	1.0	3.3
25	2.7	5.0	8.0	7.0	10.3	6.7	27.3	58.0	60.3	55.0	49.7	45.7	38.7	38.7	26.7	32.7	18.7	9.7	4.7	7.0	9.0	3.7	2.3	0.7
29	6.3	6.0	6.7	6.3	6.0	7.0	3.7	1.3	3.0	3.3	2.3	0.0	2.3	0.3	0.0	0.3	0.0	0.0	0.3	0.0	0.0	0.0	0.3	0.0
39	9.7	6.7	6.0	8.0	8.0	11.3	11.7	17.3	19.0	21.3	25.7	21.7	18.7	20.7	22.3	15.7	11.3	11.7	6.3	8.3	9.7	9.3	15.7	18.0
39.1	57.0	56.0	54.3	55.7	55.7	54.7	51.7	44.7	34.3	38.7	48.7	67.7	65.3	66.3	70.0	65.7	62.3	59.7	60.0	56.7	48.0	53.3	48.0	41.7
40	1.3	2.3	7.7	4.7	0.0	6.3	1.7	0.0	0.7	1.0	1.3	0.7	0.7	0.3	0.7	0.0	0.3	1.0	0.3	0.7	0.7	2.0	1.7	1.0
41	0.0	0.0	0.0	0.0	0.0	0.0	0.0	0.0	0.0	0.0	0.0	0.0	0.0	0.0	0.0	0.0	0.0	0.0	0.0	0.0	0.0	9.0	0.3	0.0
41.1	0.7	0.0	0.0	0.3	0.3	0.3	0.7	0.0	0.0	0.0	0.0	2.7	1.0	1.0	1.3	3.3	1.0	2.7	1.7	2.3	4.3	1.7	4.3	4.0
41.2	52.0	56.0	50.0	49.3	45.0	41.0	50.3	64.0	64.0	60.7	59.7	52.7	50.7	42.0	41.0	49.7	55.7	53.0	52.0	56.0	46.7	43.0	42.7	48.3
41.3	3.3	0.0	0.0	0.0	0.0	0.0	0.0	0.0	0.0	0.0	0.0	0.0	0.0	0.0	0.0	0.0	0.0	3.7	7.3	2.0	1.0	1.7	1.0	3.3
41.4	0.0	0.0	0.0	0.0	0.0	0.0	0.0	0.0	0.0	0.0	0.0	0.0	0.0	0.0	0.0	0.0	0.0	0.3	0.0	0.3	4.7	6.3	5.3	1.3
99	0.0	0.0	0.0	0.3	0.0	0.0	0.0	0.0	0.0	0.0	0.0	0.0	0.0	0.0	0.7	0.0	0.0	0.0	0.0	0.7	0.3	0.0	0.0	0.0

Listening Center Categorical Event Audibility, Winter (n = 10 days)
Src	00h	01h	02h	03h	04h	05h	06h	07h	08h	09h	10h	11h	12h	13h	14h	15h	16h	17h	18h	19h	20h	21h	22h	23h
1	3.0	7.7	7.3	5.0	10.0	13.3	15.0	6.0	3.0	8.0	18.0	14.0	21.7	13.0	11.7	14.3	12.0	18.0	12.7	16.7	14.3	14.0	6.0	10.0
2	0.0	0.3	0.0	0.0	0.0	0.0	0.0	1.3	0.7	0.0	3.7	0.3	0.7	1.7	0.0	0.7	0.0	0.0	1.7	0.3	0.7	0.0	0.0	0.3
4	0.0	1.0	0.3	0.0	0.3	0.0	0.3	3.3	10.0	11.3	15.3	9.7	7.7	5.0	10.0	6.7	2.3	6.3	5.0	0.0	0.0	5.3	0.0	0.0
6	0.0	1.3	0.0	0.0	3.3	0.3	0.3	5.7	2.3	7.7	3.0	2.0	2.7	1.0	4.0	4.7	4.0	3.3	2.7	1.7	1.3	0.0	0.0	0.0
8	0.0	0.0	0.0	0.0	0.0	0.0	0.0	0.0	2.0	1.3	2.7	1.7	4.3	4.3	2.7	1.0	0.3	0.0	0.0	0.0	0.0	0.0	0.0	0.0
9	0.0	0.0	0.0	0.0	0.0	0.0	0.3	0.0	0.0	0.0	0.3	0.0	0.0	0.0	0.0	0.0	0.0	0.0	0.0	0.0	0.0	0.0	0.0	0.0
11	0.0	0.0	0.0	0.0	0.0	0.0	0.0	0.0	0.3	0.3	0.0	0.0	0.0	0.0	0.0	0.0	0.0	0.0	0.0	0.0	0.0	0.0	0.0	0.0
19	2.3	0.3	0.0	0.0	0.0	0.0	0.0	0.0	0.0	0.0	0.0	0.0	0.0	0.0	0.0	0.0	0.0	0.0	0.0	0.7	0.0	0.0	0.0	0.0
20	0.7	0.3	0.0	0.0	0.0	0.0	1.7	0.7	2.0	0.7	2.0	2.0	1.3	0.7	0.7	0.0	0.7	0.0	0.0	0.0	0.0	0.0	0.0	0.0
21	69.3	64.7	65.3	61.0	57.0	61.7	55.3	49.3	44.3	50.3	50.3	68.7	66.3	70.0	68.3	63.3	66.0	61.3	69.0	64.3	68.0	63.7	66.0	60.7
22	21.3	15.0	23.3	27.0	23.3	21.0	18.3	13.3	10.3	14.0	26.7	21.7	32.0	39.0	22.7	18.0	14.3	15.3	10.3	14.3	19.3	18.3	17.7	15.7
24	0.3	2.7	4.0	1.0	1.3	1.3	1.3	0.0	0.0	4.3	1.7	1.0	0.3	0.7	1.7	1.3	2.0	1.0	4.3	4.7	7.0	4.3	2.7	4.0
25	2.7	5.0	8.0	7.0	10.3	6.7	27.3	58.0	60.3	55.0	49.7	45.7	38.7	38.7	26.7	32.7	18.7	9.7	4.7	7.0	9.0	3.7	2.3	0.7
29	6.3	6.0	6.7	6.3	6.0	7.0	3.7	1.3	3.0	3.3	2.3	0.0	2.3	0.3	0.0	0.3	0.0	0.0	0.3	0.0	0.0	0.0	0.3	0.0
39	61.7	61.7	59.7	60.0	60.0	62.7	59.7	55.0	48.7	54.3	64.3	82.7	78.3	78.3	85.0	77.3	68.7	67.7	63.0	61.0	52.7	55.3	52.3	46.0
40	1.3	2.3	7.7	4.7	0.0	6.3	1.7	0.0	0.7	1.0	1.3	0.7	0.7	0.3	0.7	0.0	0.3	1.0	0.3	0.7	0.7	2.0	1.7	1.0
41	56.0	56.0	50.0	49.3	45.3	41.3	51.0	64.0	64.0	60.7	59.7	55.3	51.0	43.0	41.7	53.0	56.7	58.3	59.7	60.0	56.3	61.7	53.3	56.7
99	0.0	0.0	0.0	0.3	0.0	0.0	0.0	0.0	0.0	0.0	0.0	0.0	0.0	0.0	0.7	0.0	0.0	0.0	0.0	0.7	0.3	0.0	0.0	0.0

Time Audible (%), Winter (n = 10)
	00h	01h	02h	03h	04h	05h	06h	07h	08h	09h	10h	11h	12h	13h	14h	15h	16h	17h	18h	19h	20h	21h	22h	23h
Total	6.0	11.0	7.7	5.0	13.7	13.7	17.7	16.7	19.0	28.3	41.7	27.3	37.0	24.3	28.0	27.0	19.3	26.3	21.3	18.7	16.3	19.3	6.0	10.3
SoI	3.0	7.7	7.3	5.0	10.0	13.3	15.0	6.0	3.0	8.0	18.0	14.0	21.7	13.0	11.7	14.3	12.0	18.0	12.7	16.7	14.3	14.0	6.0	10.0
SoI Excluded	3.0	3.3	0.3	0.0	3.7	0.3	2.7	11.0	16.0	21.0	25.0	13.7	16.0	12.3	16.7	13.0	7.3	9.7	9.3	2.0	2.0	5.3	0.0	0.3

