### Metrics File V1.1
Metrics for HAVO002
Day: 07:00:00 to 18:59:59
Night: 19:00:00 to 06:59:59
Summer: May to Aug
Winter: Oct to Feb
Fall: Sep to Sep
Spring: Mar to Apr
Source of Interest: Aircraft
Truncated dBA (also referenced as dBT) Frequency Range: 20Hz to 1250Hz

Median dBA values by Hour, Summer (n = 312hrs)
Hr	Lmin	L099	L090	Lnat	L050	L010	L001	Lmax	Leq
00	13.9	14.0	14.2	--.-	16.9	23.3	30.4	39.4	20.6
01	13.8	14.0	14.3	--.-	17.5	21.7	28.7	37.4	19.3
02	13.7	13.9	14.3	--.-	15.6	19.0	24.5	36.5	20.3
03	13.7	13.8	14.0	--.-	17.9	23.4	29.5	37.5	20.9
04	13.7	13.8	14.1	--.-	15.6	20.7	26.9	33.9	19.1
05	13.7	13.8	14.3	--.-	17.1	24.4	34.1	50.2	27.3
06	13.7	14.0	14.3	--.-	15.2	27.0	44.6	56.3	33.0
07	14.1	14.3	14.6	--.-	17.3	32.8	46.1	56.4	33.1
08	14.1	14.3	14.7	--.-	17.2	28.6	47.9	55.2	37.4
09	14.5	15.1	16.2	--.-	22.7	32.0	45.9	60.0	36.1
10	15.2	15.8	18.0	--.-	24.5	33.5	42.6	56.6	33.6
11	15.4	15.9	17.7	--.-	25.6	36.3	44.6	54.9	35.6
12	15.3	16.3	18.7	--.-	26.5	35.3	43.4	53.9	33.9
13	14.8	15.2	16.4	--.-	23.8	33.1	41.6	52.5	32.2
14	14.9	15.8	18.0	--.-	25.0	33.4	41.1	55.7	31.2
15	14.6	16.0	17.6	--.-	25.7	34.7	42.7	56.6	32.5
16	14.1	14.8	17.0	--.-	23.5	31.8	38.7	53.4	29.6
17	13.9	14.3	16.6	--.-	22.2	28.5	39.5	54.5	30.8
18	14.5	15.1	16.0	--.-	20.7	28.4	36.0	51.1	25.6
19	13.8	14.2	15.0	--.-	17.0	20.9	27.8	35.2	19.1
20	13.7	13.9	14.2	--.-	16.7	23.4	29.7	35.1	20.3
21	13.7	13.8	13.9	--.-	14.6	17.6	22.7	31.4	15.9
22	13.6	13.7	13.8	--.-	14.4	17.6	25.0	35.1	16.4
23	13.6	13.8	14.1	--.-	14.6	17.1	25.1	32.4	16.3

Median Truncated dBA values by Hour, Summer (n = 312hrs)
Hr	Lmin	L099	L090	Lnat	L050	L010	L001	Lmax	Leq
00	13.0	13.3	13.6	--.-	14.7	18.6	23.6	32.3	16.5
01	13.0	13.2	13.6	--.-	16.3	21.3	28.4	36.4	18.9
02	12.9	13.1	13.4	--.-	14.7	18.7	23.9	37.3	16.5
03	12.7	12.9	13.3	--.-	16.6	21.9	29.2	36.1	20.1
04	12.8	13.1	13.3	--.-	15.0	20.3	26.5	32.4	18.8
05	12.9	13.2	13.6	--.-	15.9	21.7	25.4	28.8	18.5
06	12.8	13.0	13.2	--.-	14.2	17.1	24.4	33.9	15.3
07	13.2	13.5	13.6	--.-	15.4	32.2	45.6	53.2	33.1
08	13.1	13.4	13.9	--.-	15.6	26.2	46.3	50.6	36.4
09	13.5	13.9	15.0	--.-	20.6	30.7	41.5	49.7	33.7
10	14.2	14.9	16.6	--.-	23.0	32.0	41.4	45.3	33.3
11	14.2	14.7	16.7	--.-	23.7	33.9	44.2	51.6	35.4
12	14.3	15.4	17.7	--.-	24.5	34.3	42.5	47.8	33.5
13	13.8	14.2	15.4	--.-	22.9	32.3	40.3	45.5	29.3
14	14.0	14.9	17.3	--.-	24.0	32.5	39.1	45.6	29.0
15	13.6	15.3	16.8	--.-	23.4	32.1	42.0	49.3	27.9
16	13.1	13.5	15.0	--.-	21.6	30.2	36.0	41.3	26.5
17	13.0	13.4	14.2	--.-	16.7	25.8	34.7	40.0	22.9
18	13.1	13.6	14.3	--.-	16.3	23.1	33.5	38.7	22.6
19	12.7	12.9	13.2	--.-	14.0	16.1	23.8	28.5	14.8
20	12.8	12.9	13.2	--.-	15.1	20.1	25.4	32.3	17.4
21	12.7	12.9	13.1	--.-	13.5	17.3	22.3	31.1	15.5
22	12.7	13.0	13.2	--.-	14.0	17.3	23.5	34.5	16.0
23	12.9	13.1	13.4	--.-	14.1	16.8	22.3	33.8	15.9

Median dBA values by Hour, Spring (n = 681hrs)
Hr	Lmin	L099	L090	Lnat	L050	L010	L001	Lmax	Leq
00	13.6	13.6	13.8	14.7	14.8	18.0	22.9	31.5	16.6
01	13.6	13.7	14.0	15.2	15.2	19.3	22.8	29.7	16.9
02	13.6	13.8	14.0	15.7	15.8	19.5	23.7	29.1	17.3
03	13.6	13.7	14.2	15.4	15.5	19.2	23.7	27.3	16.9
04	13.6	13.7	14.1	16.3	16.3	20.3	24.5	31.2	17.6
05	13.7	13.9	14.5	17.0	17.3	23.1	35.3	48.6	26.5
06	13.6	13.7	14.0	15.4	15.7	25.0	40.5	56.0	31.7
07	13.6	13.8	13.9	14.2	15.4	28.5	45.4	57.1	33.1
08	13.8	14.0	14.3	14.7	15.4	27.1	48.7	60.4	34.1
09	14.2	14.4	14.7	16.7	18.1	28.0	43.3	58.4	33.0
10	14.4	14.8	15.6	18.3	19.4	28.0	39.2	54.2	28.7
11	14.5	14.9	15.9	19.0	20.4	29.8	43.3	55.1	33.0
12	14.3	14.6	15.5	18.4	19.6	30.0	41.9	57.2	32.0
13	14.1	14.3	15.0	19.6	20.0	29.6	39.5	54.1	29.6
14	14.3	14.7	16.2	20.0	20.0	30.2	39.7	52.9	29.2
15	14.0	14.3	15.6	19.2	19.4	27.6	38.9	55.5	29.3
16	13.7	13.9	14.2	16.0	16.2	24.5	40.1	54.9	31.8
17	13.7	13.8	14.0	14.8	15.3	26.4	39.9	54.8	29.4
18	13.6	13.7	13.8	14.0	14.1	20.4	34.9	53.5	27.9
19	13.6	13.6	13.7	13.9	13.9	14.5	17.5	24.3	14.2
20	13.6	13.7	13.7	14.0	14.0	16.4	20.1	28.8	15.3
21	13.6	13.7	13.9	14.9	14.9	18.6	21.6	32.7	17.9
22	13.6	13.8	14.0	14.9	15.0	18.3	22.0	27.4	16.5
23	13.6	13.7	13.8	14.5	14.5	17.3	22.9	27.5	15.9

Median Truncated dBA values by Hour, Spring (n = 681hrs)
Hr	Lmin	L099	L090	Lnat	L050	L010	L001	Lmax	Leq
00	12.6	12.9	13.1	14.1	14.1	17.0	21.4	27.4	15.4
01	12.8	13.1	13.6	14.5	14.6	17.7	21.9	26.4	15.9
02	12.8	13.1	13.4	15.0	15.0	19.2	23.5	28.2	16.9
03	12.8	13.1	13.6	15.1	15.2	18.9	23.3	26.5	16.5
04	12.8	13.1	13.6	15.7	15.8	20.0	24.0	29.1	17.3
05	12.9	13.2	13.5	15.9	16.4	20.3	24.3	29.1	17.6
06	12.7	12.9	13.1	13.8	13.8	17.5	22.0	29.9	15.5
07	12.7	12.9	13.1	13.3	13.9	23.2	42.9	55.3	31.0
08	12.8	13.1	13.4	13.7	14.4	21.6	48.5	56.2	33.4
09	13.0	13.3	13.7	15.4	16.6	27.0	39.6	49.4	30.1
10	13.2	13.6	14.4	17.4	18.3	27.2	35.1	41.9	25.2
11	13.4	13.9	14.7	17.5	18.9	27.5	41.5	48.9	29.7
12	13.1	13.5	14.4	16.8	17.8	29.1	36.3	46.2	26.2
13	12.9	13.2	13.9	17.6	18.0	28.1	35.0	42.3	25.0
14	13.1	13.6	15.4	18.9	18.9	28.6	36.8	43.5	26.1
15	12.7	13.0	13.9	17.8	17.9	25.5	32.1	38.9	22.4
16	12.5	12.8	13.1	14.2	14.3	18.3	25.3	33.8	16.3
17	12.6	12.8	13.0	13.3	13.6	18.4	25.9	34.9	17.0
18	12.5	12.7	12.9	13.1	13.2	14.2	20.1	31.5	14.0
19	12.6	12.8	13.0	13.2	13.2	13.8	16.8	22.8	13.5
20	12.7	12.9	13.1	13.4	13.4	15.5	17.3	23.0	14.4
21	12.7	12.9	13.2	13.6	13.6	16.1	19.1	24.1	14.6
22	12.6	12.9	13.3	14.2	14.3	16.1	20.0	25.6	14.6
23	12.7	12.9	13.1	13.7	13.7	16.6	20.8	26.1	14.7

SPL v. Frequency (Night), Summer (n = 156hrs)
Freq	L090	Lnat	L050	L010
12.5Hz	25.3	--.-	35.1	46.1
15.8Hz	22.3	--.-	31.8	42.6
20Hz	20.3	--.-	28.6	39.2
25Hz	19.1	--.-	26.1	35.7
31.5Hz	18.1	--.-	24.0	32.7
40Hz	16.4	--.-	21.6	29.5
50Hz	15.6	--.-	20.2	26.4
63Hz	14.4	--.-	18.5	23.9
80Hz	13.2	--.-	16.9	22.0
100Hz	10.4	--.-	14.8	20.0
125Hz	8.1	--.-	14.1	19.9
160Hz	6.5	--.-	13.2	19.4
200Hz	5.3	--.-	10.6	17.4
250Hz	5.0	--.-	10.1	16.5
315Hz	4.9	--.-	8.7	14.4
400Hz	5.0	--.-	7.5	13.1
500Hz	5.2	--.-	6.9	11.6
630Hz	5.5	--.-	6.8	11.0
800Hz	5.9	--.-	6.7	10.1
1000Hz	6.4	--.-	7.0	9.3
1250Hz	7.1	--.-	7.6	9.0
1600Hz	7.8	--.-	8.2	9.0
2000Hz	8.6	--.-	9.0	10.0
2500Hz	9.5	--.-	9.9	10.5
3150Hz	10.6	--.-	10.8	11.3
4000Hz	11.5	--.-	11.8	12.1
5000Hz	12.6	--.-	12.8	13.0
6300Hz	13.7	--.-	13.9	14.1
8000Hz	14.9	--.-	15.0	15.2
10000Hz	15.9	--.-	16.1	16.2
12500Hz	16.9	--.-	17.0	17.1
16000Hz	17.9	--.-	18.0	18.1
20000Hz	19.5	--.-	19.6	19.7

SPL v. Frequency (Day), Summer (n = 156hrs)
Freq	L090	Lnat	L050	L010
12.5Hz	29.5	--.-	43.6	57.0
15.8Hz	26.7	--.-	40.6	54.0
20Hz	25.2	--.-	37.9	51.2
25Hz	23.8	--.-	34.4	47.4
31.5Hz	22.7	--.-	31.2	44.0
40Hz	21.2	--.-	28.5	41.3
50Hz	20.5	--.-	26.6	37.6
63Hz	19.5	--.-	25.0	35.1
80Hz	18.2	--.-	23.5	31.8
100Hz	15.9	--.-	22.2	30.5
125Hz	14.3	--.-	22.2	30.3
160Hz	13.4	--.-	22.1	30.0
200Hz	10.8	--.-	20.5	28.5
250Hz	10.2	--.-	20.2	28.7
315Hz	9.5	--.-	19.1	28.1
400Hz	8.7	--.-	18.0	27.4
500Hz	8.5	--.-	17.2	26.5
630Hz	7.7	--.-	15.2	24.8
800Hz	7.3	--.-	13.6	23.1
1000Hz	7.5	--.-	12.0	21.1
1250Hz	7.8	--.-	10.5	18.8
1600Hz	8.3	--.-	9.7	16.6
2000Hz	9.0	--.-	9.9	15.2
2500Hz	9.9	--.-	10.5	14.9
3150Hz	10.9	--.-	11.3	14.8
4000Hz	11.8	--.-	12.2	15.2
5000Hz	12.8	--.-	13.1	14.4
6300Hz	13.9	--.-	14.2	14.8
8000Hz	15.1	--.-	15.3	15.7
10000Hz	16.1	--.-	16.3	16.7
12500Hz	17.1	--.-	17.2	17.5
16000Hz	18.0	--.-	18.1	18.2
20000Hz	19.6	--.-	19.7	19.9

SPL v. Frequency (Night), Spring (n = 341hrs)
Freq	L090	Lnat	L050	L010
12.5Hz	24.5	33.0	33.8	44.7
15.8Hz	21.9	29.9	30.4	41.3
20Hz	20.4	27.1	27.4	38.1
25Hz	18.7	24.5	24.6	34.5
31.5Hz	17.5	22.5	22.8	31.3
40Hz	15.8	20.3	20.6	27.8
50Hz	14.8	18.7	18.9	24.9
63Hz	13.2	16.6	16.9	21.9
80Hz	11.6	15.0	15.2	19.9
100Hz	9.3	12.8	13.0	18.2
125Hz	7.2	11.8	12.2	18.1
160Hz	5.9	10.7	10.9	17.6
200Hz	4.9	8.8	9.0	15.8
250Hz	4.6	8.2	8.3	14.7
315Hz	4.6	7.2	7.3	12.8
400Hz	4.8	6.6	6.7	11.7
500Hz	4.9	6.2	6.2	10.4
630Hz	5.3	6.1	6.2	9.0
800Hz	5.7	6.3	6.4	8.3
1000Hz	6.3	6.7	6.8	7.8
1250Hz	6.9	7.3	7.3	7.9
1600Hz	7.7	8.0	8.0	8.5
2000Hz	8.6	8.8	8.8	9.2
2500Hz	9.5	9.8	9.8	10.1
3150Hz	10.5	10.7	10.7	11.0
4000Hz	11.5	11.7	11.7	11.9
5000Hz	12.6	12.7	12.8	13.0
6300Hz	13.7	13.9	13.9	14.0
8000Hz	14.8	15.0	15.0	15.1
10000Hz	15.9	16.0	16.0	16.2
12500Hz	16.9	17.0	17.0	17.1
16000Hz	17.8	17.9	17.9	18.1
20000Hz	19.5	19.6	19.6	19.7

SPL v. Frequency (Day), Spring (n = 340hrs)
Freq	L090	Lnat	L050	L010
12.5Hz	23.3	31.7	33.9	46.7
15.8Hz	21.3	28.7	31.0	44.1
20Hz	20.6	26.6	28.7	41.4
25Hz	18.5	24.1	25.7	38.2
31.5Hz	18.0	22.8	24.1	35.4
40Hz	16.9	20.8	22.1	32.6
50Hz	15.6	19.3	20.5	30.7
63Hz	14.8	18.4	19.3	28.7
80Hz	13.4	17.0	18.2	26.4
100Hz	11.0	15.0	16.2	25.1
125Hz	8.8	13.7	15.2	24.8
160Hz	7.2	12.8	14.5	24.2
200Hz	5.4	10.3	12.5	21.9
250Hz	5.0	9.3	11.4	21.7
315Hz	4.9	8.6	10.3	21.3
400Hz	4.9	7.8	9.2	20.1
500Hz	5.2	7.7	8.5	18.5
630Hz	5.4	7.1	7.6	16.9
800Hz	5.9	6.9	7.2	14.5
1000Hz	6.5	7.1	7.3	12.4
1250Hz	7.1	7.6	7.7	11.3
1600Hz	7.9	8.2	8.3	10.6
2000Hz	8.8	9.1	9.2	11.6
2500Hz	9.7	10.0	10.1	12.2
3150Hz	10.7	11.0	11.0	13.6
4000Hz	11.7	11.9	12.0	14.0
5000Hz	12.7	12.9	13.0	13.9
6300Hz	13.9	14.0	14.0	14.3
8000Hz	15.0	15.1	15.1	15.3
10000Hz	16.1	16.2	16.2	16.4
12500Hz	17.1	17.2	17.2	17.4
16000Hz	18.0	18.0	18.1	18.2
20000Hz	19.6	19.7	19.7	19.8

Ambient, Summer (n = 312hrs)
Percentile	L090	Lnat	L050	L010	Leq
Day (dBT)	15.9	--.-	22.7	31.5	37.0
Day (dBA)	17.1	--.-	24.0	32.9	38.0
Night (dBT)	13.4	--.-	14.9	18.8	27.0
Night (dBA)	14.2	--.-	16.4	22.7	29.0

Ambient, Spring (n = 681hrs)
Percentile	L090	Lnat	L050	L010	Leq
Day (dBT)	13.5	15.3	15.8	24.7	37.0
Day (dBA)	14.6	16.8	17.5	27.7	38.0
Night (dBT)	13.2	14.1	14.2	17.3	35.0
Night (dBA)	13.9	14.9	15.0	19.4	35.0

Percent Time Above (%), Summer (n = 312hrs)
Threshold	35dBA	45dBA	52dBA	60dBA
Day (dBT)	5.16	0.55	0.17	0.03
Day (dBA)	6.42	0.90	0.26	0.04
Night (dBT)	0.52	0.00	0.00	0.00
Night (dBA)	0.70	0.13	0.02	0.00

Percent Time Above (%), Spring (n = 681hrs)
Threshold	35dBA	45dBA	52dBA	60dBA
Day (dBT)	2.09	0.54	0.21	0.04
Day (dBA)	3.10	0.98	0.31	0.06
Night (dBT)	0.24	0.00	0.00	0.00
Night (dBA)	0.54	0.10	0.02	0.00

L90 Contour Data, Summer (n = 312hrs)
Hr	12.5Hz	15.8Hz	20Hz	25Hz	31.5Hz	40Hz	50Hz	63Hz	80Hz	100Hz	125Hz	160Hz	200Hz	250Hz	315Hz	400Hz	500Hz	630Hz	800Hz	1000Hz	1250Hz	1600Hz	2000Hz	2500Hz	3150Hz	4000Hz	5000Hz	6300Hz	8000Hz	10000Hz	12500Hz	16000Hz	20000Hz
00	24.9	21.8	19.1	17.5	16.3	15.7	14.4	13.2	11.9	09.0	07.3	05.6	04.8	04.7	04.9	05.1	05.3	05.6	06.0	06.5	07.1	07.8	08.6	09.5	10.5	11.5	12.6	13.7	14.9	15.9	16.9	17.9	19.5
01	28.9	26.0	24.0	22.9	21.9	20.1	19.3	17.2	15.1	12.7	11.4	09.4	07.3	07.0	06.2	05.6	05.6	05.7	06.0	06.5	07.1	07.8	08.6	09.5	10.5	11.5	12.6	13.7	14.9	15.9	16.9	17.9	19.5
02	26.2	23.0	20.3	19.1	17.8	15.3	14.3	13.3	12.8	11.6	10.2	08.4	06.7	06.1	05.4	05.3	05.2	05.4	05.7	06.4	07.0	07.7	08.6	09.5	10.5	11.5	12.6	13.7	14.9	15.9	16.9	17.9	19.5
03	26.6	22.7	20.3	18.9	17.8	15.6	14.2	13.2	11.8	09.7	07.8	06.4	05.2	04.8	05.1	05.1	05.2	05.6	06.0	06.6	07.1	07.8	08.6	09.5	10.5	11.5	12.6	13.7	14.8	15.9	16.9	17.8	19.5
04	26.0	23.0	21.0	19.5	18.5	16.9	15.8	14.5	13.8	10.6	07.8	06.7	05.3	05.0	04.9	05.1	05.2	05.5	05.9	06.4	07.0	07.7	08.6	09.5	10.5	11.5	12.6	13.7	14.8	15.9	16.9	17.9	19.5
05	25.5	22.5	20.6	19.7	19.2	17.6	16.5	15.4	14.1	11.7	09.9	08.0	06.2	05.7	05.7	05.8	05.8	05.7	06.0	06.4	07.0	07.8	08.6	09.6	10.6	11.5	12.6	13.7	14.8	15.9	16.9	17.8	19.5
06	26.1	23.2	20.8	19.8	19.1	17.7	16.9	16.1	14.8	11.7	08.1	05.5	04.4	04.2	04.4	04.7	05.0	05.3	05.8	06.3	07.0	07.8	08.7	09.6	10.6	11.6	12.6	13.7	14.8	15.9	16.9	17.8	19.5
07	26.0	25.3	24.6	24.1	24.2	23.0	22.5	20.7	19.7	16.1	11.7	07.6	05.3	04.7	04.6	04.7	05.0	05.3	05.8	06.4	07.0	07.8	08.7	09.6	10.6	11.6	12.6	13.7	14.9	16.0	16.9	17.9	19.5
08	27.1	25.9	24.7	24.0	23.8	23.2	22.3	20.9	19.8	16.3	12.3	08.9	05.5	04.6	04.5	04.6	05.1	05.3	05.8	06.4	07.1	07.8	08.7	09.7	10.7	11.7	12.7	13.8	14.9	16.0	17.0	17.9	19.6
09	27.1	27.8	26.1	24.7	25.2	23.6	22.8	21.5	20.1	16.8	12.9	12.1	08.4	07.5	07.7	06.9	07.5	06.7	06.9	07.1	07.6	08.1	09.0	09.9	10.8	11.8	12.8	13.9	15.0	16.1	17.1	18.0	19.6
10	30.5	28.6	30.4	25.7	25.5	25.1	23.2	22.4	22.1	18.8	16.4	15.5	13.1	12.4	11.4	10.0	09.3	07.9	07.5	07.6	07.9	08.3	09.1	09.9	10.9	11.9	12.9	14.1	15.2	16.3	17.2	18.1	19.7
11	30.3	28.0	27.3	25.5	24.0	23.3	22.0	21.5	20.1	17.4	15.6	14.3	12.2	11.3	10.4	09.6	09.9	08.4	08.0	08.0	08.1	08.4	09.2	10.0	11.0	12.0	13.0	14.1	15.2	16.3	17.2	18.1	19.8
12	29.1	26.7	26.3	23.7	23.2	21.7	20.6	20.1	18.2	16.6	14.7	13.7	12.5	12.2	11.6	10.6	10.9	09.0	09.1	09.4	08.9	08.8	09.3	10.1	11.0	12.0	13.0	14.1	15.2	16.3	17.2	18.1	19.8
13	29.6	26.7	25.5	23.2	21.6	20.3	18.8	17.5	16.3	14.6	13.8	13.2	10.7	09.9	09.7	08.8	08.3	07.5	07.2	07.4	07.8	08.3	09.0	09.9	10.9	11.9	12.9	14.0	15.1	16.2	17.2	18.1	19.7
14	30.3	27.1	24.8	22.0	20.4	19.3	18.5	17.2	16.1	15.2	14.5	13.6	10.9	11.5	10.2	10.0	10.4	08.8	08.7	08.3	08.3	08.5	09.1	09.9	10.9	11.8	12.8	13.9	15.1	16.2	17.1	18.0	19.7
15	28.3	26.7	25.1	21.9	19.7	18.9	16.1	15.6	13.9	12.6	11.3	10.1	09.0	09.3	08.3	07.7	09.8	08.1	09.9	08.9	08.5	08.5	09.1	09.9	10.9	11.8	12.8	13.9	15.1	16.1	17.1	18.0	19.6
16	30.5	27.1	25.0	22.4	20.5	19.9	18.3	16.9	16.2	15.1	14.7	13.6	11.4	10.5	09.2	08.2	07.4	07.0	06.8	07.2	07.5	08.1	09.0	09.8	10.8	11.8	12.8	13.9	15.0	16.1	17.1	18.0	19.6
17	25.3	22.3	21.0	19.8	18.9	17.6	16.8	15.7	15.0	13.2	11.4	10.1	08.1	07.4	06.6	06.0	05.8	06.3	06.9	07.1	07.5	08.1	08.9	09.8	10.8	11.7	12.8	13.9	15.0	16.1	17.0	17.9	19.6
18	25.6	22.5	21.1	19.9	18.9	17.4	16.6	15.6	15.1	13.4	11.8	10.4	07.9	07.3	06.7	06.2	06.1	06.2	06.5	06.9	07.4	08.1	09.0	09.8	10.7	11.7	12.7	13.8	14.9	16.0	17.0	17.9	19.6
19	20.9	18.3	16.3	15.3	14.7	13.6	12.9	11.8	10.9	08.3	05.7	05.1	04.2	04.1	04.2	04.3	04.7	05.3	05.9	06.5	07.2	08.0	08.7	09.6	10.6	11.6	12.6	13.8	14.9	16.0	17.0	17.9	19.5
20	23.2	20.8	19.1	18.7	18.4	16.0	15.4	14.3	13.0	10.1	07.5	05.3	04.2	04.3	04.6	04.9	05.1	05.4	05.9	06.4	07.1	07.8	08.6	09.6	10.6	11.6	12.6	13.8	14.9	16.0	17.0	17.9	19.5
21	22.6	20.4	19.0	18.5	18.0	16.1	15.6	14.2	12.3	09.8	07.3	05.5	04.5	04.2	04.1	04.2	04.6	05.1	05.7	06.3	07.0	07.7	08.6	09.5	10.6	11.6	12.6	13.8	14.9	16.0	16.9	17.9	19.5
22	24.4	21.5	19.9	19.2	18.2	16.7	16.0	14.4	12.5	09.9	07.0	06.2	05.1	04.7	04.5	04.6	04.8	05.2	05.7	06.3	06.9	07.7	08.6	09.5	10.5	11.5	12.6	13.7	14.9	15.9	16.9	17.9	19.5
23	26.8	23.4	20.4	18.0	17.6	15.1	13.0	11.4	10.1	09.2	08.7	07.6	06.0	05.4	05.0	04.8	04.9	05.2	05.7	06.2	06.9	07.7	08.6	09.5	10.5	11.5	12.6	13.7	14.9	15.9	16.9	17.9	19.5

L50 Contour Data, Summer (n = 312hrs)
Hr	12.5Hz	15.8Hz	20Hz	25Hz	31.5Hz	40Hz	50Hz	63Hz	80Hz	100Hz	125Hz	160Hz	200Hz	250Hz	315Hz	400Hz	500Hz	630Hz	800Hz	1000Hz	1250Hz	1600Hz	2000Hz	2500Hz	3150Hz	4000Hz	5000Hz	6300Hz	8000Hz	10000Hz	12500Hz	16000Hz	20000Hz
00	35.8	32.6	29.0	26.1	24.0	21.7	20.1	18.5	16.8	14.1	14.7	13.7	11.2	10.5	08.8	07.6	06.9	06.8	07.2	07.6	07.7	08.2	08.9	09.8	10.7	11.7	12.8	13.9	15.0	16.1	17.0	18.0	19.6
01	38.1	34.7	31.8	29.0	26.2	23.4	21.8	19.7	18.0	15.8	15.9	14.9	12.7	11.7	10.7	10.0	09.1	08.4	07.6	07.3	07.8	08.3	09.0	09.8	10.8	11.8	12.8	13.9	15.0	16.1	17.0	18.0	19.6
02	35.5	32.2	28.7	25.2	23.2	20.1	18.6	17.3	16.5	15.0	14.7	13.8	11.5	10.7	09.1	07.9	06.9	06.4	06.5	06.9	07.4	08.1	08.9	09.8	10.7	11.7	12.7	13.9	15.0	16.1	17.0	18.0	19.6
03	37.0	33.7	30.4	27.4	24.8	22.4	20.3	18.2	17.0	15.5	15.5	14.8	12.1	11.4	10.7	10.6	10.1	08.8	07.8	07.6	07.9	08.3	09.0	09.8	10.7	11.7	12.7	13.9	15.0	16.0	17.0	17.9	19.6
04	35.0	31.6	28.5	25.7	23.3	21.4	20.3	18.7	17.5	14.4	14.3	13.4	11.0	10.6	09.5	08.8	07.8	07.1	06.7	06.9	07.5	08.1	08.9	09.8	10.7	11.7	12.7	13.9	15.0	16.0	17.0	18.0	19.6
05	38.2	34.9	31.5	28.3	25.5	22.9	20.6	19.0	18.9	15.9	16.2	15.6	13.3	13.0	11.2	10.3	09.0	07.9	07.2	07.1	07.5	08.2	09.1	10.0	10.9	11.9	12.8	13.9	15.0	16.0	17.0	17.9	19.5
06	34.0	31.1	28.4	26.6	25.7	23.2	22.0	20.1	19.5	15.7	13.0	11.8	09.6	08.8	07.9	07.3	06.7	06.3	06.4	06.8	07.4	08.1	09.1	10.0	10.9	11.8	12.8	13.9	15.0	16.0	17.0	18.0	19.5
07	35.7	34.9	33.3	29.1	26.9	26.0	25.4	23.5	23.0	18.8	15.7	14.7	11.3	10.6	08.9	07.8	06.8	06.4	06.5	06.9	07.5	08.1	09.0	09.9	10.9	11.9	12.8	13.9	15.0	16.1	17.0	18.0	19.6
08	34.4	32.0	31.7	29.6	28.9	27.6	24.9	23.8	22.6	20.8	18.1	13.8	12.6	10.4	09.6	08.2	07.4	06.9	06.8	07.1	07.6	08.2	09.0	10.0	11.0	12.0	12.9	14.0	15.1	16.1	17.1	18.0	19.7
09	40.7	38.0	38.3	35.0	31.8	28.7	27.0	26.1	23.9	22.4	20.5	20.7	19.3	18.4	17.6	16.4	14.8	13.0	11.4	10.2	09.4	09.2	09.7	10.4	11.3	12.1	13.0	14.1	15.2	16.3	17.2	18.1	19.7
10	45.2	41.7	39.9	35.9	33.4	32.8	29.9	28.2	27.9	24.7	23.7	23.1	21.1	20.9	19.9	18.6	17.2	15.2	13.3	11.4	10.2	09.5	09.9	10.5	11.4	12.3	13.3	14.3	15.4	16.4	17.3	18.2	19.9
11	45.9	42.8	39.4	36.8	33.6	30.6	28.3	27.0	25.5	23.8	23.8	23.5	21.6	21.5	20.3	19.1	18.2	15.7	14.3	12.5	12.0	10.8	10.3	10.7	11.5	12.3	13.3	14.3	15.4	16.5	17.4	18.3	19.9
12	43.6	41.2	38.3	34.3	32.0	29.7	28.2	26.2	24.8	23.8	23.3	22.5	21.1	20.6	19.4	18.8	18.0	17.0	16.3	14.5	12.6	11.1	10.7	10.8	11.6	12.4	13.3	14.4	15.5	16.5	17.4	18.2	19.9
13	42.6	39.3	35.9	34.8	31.0	29.4	27.2	25.2	23.9	22.2	22.3	22.7	21.2	20.4	19.8	18.7	17.3	15.4	13.8	12.0	10.5	09.6	09.8	10.4	11.4	12.2	13.1	14.2	15.3	16.4	17.3	18.2	19.8
14	46.1	42.8	39.7	36.2	32.7	30.0	27.2	24.8	23.5	22.7	23.0	23.0	21.4	21.8	20.2	19.2	18.8	16.2	15.1	13.5	12.1	10.7	10.3	10.6	11.3	12.2	13.1	14.2	15.3	16.3	17.3	18.1	19.8
15	46.0	42.9	39.5	35.8	32.0	30.2	26.8	25.3	23.4	21.9	23.0	22.9	21.1	21.2	20.2	19.0	17.8	16.1	14.9	12.9	11.1	10.2	10.2	10.6	11.4	12.2	13.2	14.2	15.3	16.3	17.2	18.1	19.7
16	45.1	41.9	38.6	34.8	31.2	27.5	24.6	22.3	21.2	20.6	21.8	21.7	19.7	19.6	18.6	17.2	15.8	14.0	12.2	10.6	09.6	09.3	09.8	10.4	11.3	12.1	13.0	14.1	15.2	16.2	17.2	18.1	19.7
17	38.5	35.0	31.4	27.5	24.1	21.9	20.5	19.1	18.4	17.1	16.9	16.5	14.5	13.7	12.2	10.8	09.4	08.3	08.4	08.8	09.3	09.2	09.6	10.2	11.3	12.1	13.0	14.1	15.2	16.2	17.2	18.0	19.7
18	37.7	34.3	30.9	27.9	25.0	22.4	20.6	18.6	18.5	16.5	16.2	15.6	13.1	11.9	10.6	09.3	08.5	08.1	08.0	08.3	08.5	08.7	09.5	10.2	11.2	12.0	12.9	14.0	15.1	16.1	17.1	18.0	19.6
19	29.0	25.1	23.3	21.7	20.8	19.0	17.7	16.1	13.5	11.1	08.9	07.9	06.4	05.9	05.5	05.5	05.7	06.1	06.6	07.2	07.8	08.4	09.1	09.9	10.8	11.8	12.8	13.9	15.0	16.1	17.1	18.0	19.6
20	32.0	29.1	26.7	27.3	25.3	22.3	20.3	18.5	17.3	15.5	15.2	14.4	11.9	10.7	09.3	08.2	07.3	06.9	06.9	07.2	07.6	08.2	09.0	09.9	10.8	11.8	12.8	13.9	15.0	16.1	17.1	18.0	19.6
21	31.1	27.8	24.6	22.8	21.7	19.6	18.5	17.0	15.3	12.9	11.0	09.3	07.2	06.3	05.6	05.4	05.5	05.8	06.3	06.8	07.4	08.1	08.9	09.8	10.8	11.8	12.8	13.9	15.0	16.1	17.1	18.0	19.6
22	33.5	29.7	27.0	24.8	22.1	20.4	18.9	17.3	15.6	13.2	12.4	10.7	08.3	07.5	06.5	06.3	06.1	06.0	06.3	06.7	07.3	08.0	08.9	09.8	10.8	11.7	12.8	13.9	15.0	16.1	17.0	18.0	19.6
23	35.4	32.9	29.6	26.2	23.7	19.9	17.0	14.8	13.4	12.7	13.3	11.9	09.5	08.7	07.1	06.5	06.0	06.0	06.2	06.7	07.3	08.0	08.9	09.8	10.7	11.7	12.8	13.9	15.0	16.1	17.0	18.0	19.6

L05 Contour Data, Summer (n = 312hrs)
Hr	12.5Hz	15.8Hz	20Hz	25Hz	31.5Hz	40Hz	50Hz	63Hz	80Hz	100Hz	125Hz	160Hz	200Hz	250Hz	315Hz	400Hz	500Hz	630Hz	800Hz	1000Hz	1250Hz	1600Hz	2000Hz	2500Hz	3150Hz	4000Hz	5000Hz	6300Hz	8000Hz	10000Hz	12500Hz	16000Hz	20000Hz
00	48.5	44.7	41.3	37.8	34.7	31.9	28.6	25.9	23.4	21.4	21.2	20.7	19.1	18.3	16.2	15.0	13.6	12.4	12.2	11.1	11.4	11.7	11.1	10.9	11.3	12.1	13.0	14.1	15.2	16.2	17.2	18.1	19.7
01	53.1	49.4	45.6	41.8	38.3	35.2	32.2	29.4	27.2	24.9	24.4	24.1	22.5	22.8	20.9	19.5	18.0	16.2	13.9	11.7	10.5	11.0	11.8	11.5	11.6	12.2	13.4	14.4	15.5	16.4	17.2	18.1	19.7
02	48.7	44.7	41.3	37.8	34.9	31.3	28.5	25.4	23.2	21.5	21.8	21.2	19.3	18.7	16.9	15.6	14.0	12.2	10.3	09.0	08.8	09.5	10.0	10.3	11.1	12.0	13.0	14.1	15.2	16.2	17.2	18.1	19.7
03	52.3	49.1	45.0	41.8	37.8	34.7	31.3	28.0	25.6	24.0	24.0	23.5	22.1	21.9	20.2	18.9	18.0	17.1	14.8	12.5	11.6	10.8	10.1	10.4	11.2	12.0	13.0	14.1	15.2	16.2	17.2	18.1	19.7
04	49.5	46.7	42.8	39.0	35.7	32.7	29.5	26.4	24.7	23.0	23.8	23.6	22.0	22.3	20.6	19.3	17.9	16.2	14.0	11.9	10.2	09.3	09.5	10.2	11.0	11.9	13.0	14.1	15.2	16.2	17.2	18.1	19.7
05	52.4	49.2	46.0	42.3	38.5	35.2	31.8	28.5	27.3	23.8	24.1	23.6	22.4	22.4	20.3	19.1	17.5	15.6	13.4	11.4	10.1	09.6	12.1	15.3	17.2	19.2	16.6	14.1	15.2	16.2	17.2	18.1	19.7
06	46.0	42.6	39.3	36.3	34.1	30.7	28.1	25.0	24.1	21.9	19.1	19.0	17.4	17.0	15.6	14.2	12.5	10.9	09.4	09.8	09.9	12.0	15.3	17.1	19.3	22.4	18.6	14.5	15.2	16.2	17.2	18.1	19.7
07	53.7	53.3	54.3	53.1	42.9	46.7	43.6	41.4	37.8	36.0	35.4	33.5	31.9	33.0	33.0	31.3	29.5	27.4	25.8	23.3	20.8	16.1	14.9	16.4	18.3	19.1	15.6	14.3	15.2	16.2	17.2	18.1	19.7
08	54.4	50.6	46.8	45.9	43.2	39.0	38.4	38.5	34.3	36.6	32.3	31.3	29.8	28.7	28.1	26.5	25.5	21.8	18.9	16.2	13.7	12.2	14.3	13.9	15.5	19.1	19.6	15.4	15.3	16.3	17.3	18.2	19.8
09	58.9	57.8	55.2	51.7	48.1	46.8	42.7	39.8	36.6	34.6	33.8	31.8	30.1	30.5	29.6	28.6	27.5	26.2	24.5	22.3	20.1	17.7	16.1	16.3	19.1	19.3	17.3	15.5	15.7	16.6	17.5	18.2	19.9
10	60.1	57.7	55.6	50.8	47.6	47.5	42.9	40.8	37.8	35.2	34.8	32.5	32.0	32.2	32.6	30.9	29.6	27.3	25.0	22.3	19.9	17.7	17.1	18.6	17.5	19.6	17.2	15.7	16.4	17.2	17.8	18.4	20.1
11	61.4	58.5	55.5	52.8	50.3	45.3	42.8	41.9	37.7	36.5	36.0	35.2	33.9	34.4	34.0	33.1	32.2	31.1	29.7	27.8	25.3	22.8	20.3	17.4	17.2	17.4	16.2	15.4	16.0	16.9	17.6	18.4	20.1
12	60.8	58.3	56.5	52.1	48.7	47.8	42.7	40.5	37.9	35.6	34.6	34.2	32.4	33.3	32.6	32.0	31.6	30.3	29.0	27.5	25.5	22.9	20.6	18.9	20.6	19.1	16.3	15.6	16.3	17.1	17.8	18.5	20.1
13	60.6	58.3	55.4	52.4	49.1	45.8	42.6	39.1	35.9	33.8	33.5	33.4	32.0	32.6	31.8	30.6	29.8	28.6	27.0	25.1	22.8	20.8	19.5	18.2	17.8	18.9	16.3	15.5	16.1	17.0	17.6	18.3	20.0
14	61.1	58.5	55.6	52.4	49.0	45.1	41.7	38.2	34.8	32.9	32.7	32.8	31.5	31.9	31.3	30.5	29.6	28.3	26.8	24.8	22.5	20.0	19.2	17.3	16.9	18.5	17.4	15.2	16.0	16.9	17.6	18.3	19.9
15	61.1	58.8	55.2	52.2	48.5	45.4	41.4	39.3	36.4	33.4	32.4	32.6	31.1	31.5	30.7	30.0	29.2	27.4	25.7	23.5	21.3	20.4	21.5	20.0	18.3	18.7	17.1	16.5	16.6	17.4	17.8	18.3	19.9
16	60.1	57.4	54.1	50.9	47.2	43.8	40.4	36.4	33.3	30.9	31.2	31.0	29.5	29.8	28.9	27.7	26.9	25.4	23.7	21.3	19.1	16.8	17.4	17.8	18.8	18.7	17.0	15.2	15.9	16.8	17.5	18.2	19.8
17	57.4	53.2	49.6	46.0	42.1	38.4	35.1	32.0	32.0	27.9	28.5	28.1	26.7	27.0	25.9	25.2	24.2	22.8	21.0	18.8	16.7	15.0	17.5	17.2	20.8	20.0	15.4	15.1	15.7	16.6	17.4	18.2	19.8
18	56.3	52.9	48.2	44.3	40.6	37.5	34.0	30.8	28.2	27.2	27.4	26.6	24.9	25.0	23.7	22.0	20.6	19.0	16.9	14.7	13.6	14.9	14.4	13.4	16.0	15.1	15.4	15.0	15.5	16.5	17.3	18.2	19.8
19	47.3	43.1	39.6	36.7	33.8	29.9	27.1	24.1	23.9	21.1	18.6	18.1	16.3	15.0	13.1	11.4	10.3	09.2	09.6	10.0	10.4	11.0	11.4	11.0	11.3	12.1	13.1	14.2	15.3	16.3	17.3	18.2	19.7
20	53.6	49.7	45.6	42.1	38.3	35.2	31.6	28.5	25.7	23.8	23.6	23.1	21.6	21.3	18.8	17.1	15.5	13.6	13.7	13.3	11.3	10.0	10.2	11.0	11.7	12.3	13.4	14.4	15.5	16.5	17.3	18.2	19.7
21	47.4	43.5	40.3	36.5	33.1	29.8	26.6	23.5	20.9	19.2	19.6	19.3	17.4	16.9	15.4	14.2	12.4	10.8	09.3	08.4	08.2	08.8	09.3	10.2	11.1	12.1	13.1	14.2	15.3	16.3	17.2	18.2	19.7
22	47.1	44.0	40.4	37.1	33.5	30.0	26.4	22.8	21.3	20.0	19.3	18.9	17.0	15.9	14.0	12.4	11.2	11.3	09.7	08.5	08.2	08.5	09.3	10.2	11.1	12.0	13.0	14.1	15.2	16.3	17.2	18.1	19.7
23	46.5	43.2	39.8	36.4	33.2	29.3	25.5	21.7	19.1	17.8	18.1	17.7	15.6	14.6	12.1	11.7	11.9	10.9	09.3	08.2	08.1	08.5	09.3	10.2	11.1	12.0	13.0	14.1	15.2	16.2	17.2	18.1	19.7

L90 Contour Data, Spring (n = 681hrs)
Hr	12.5Hz	15.8Hz	20Hz	25Hz	31.5Hz	40Hz	50Hz	63Hz	80Hz	100Hz	125Hz	160Hz	200Hz	250Hz	315Hz	400Hz	500Hz	630Hz	800Hz	1000Hz	1250Hz	1600Hz	2000Hz	2500Hz	3150Hz	4000Hz	5000Hz	6300Hz	8000Hz	10000Hz	12500Hz	16000Hz	20000Hz
00	24.6	22.0	20.4	18.5	17.9	16.1	14.9	13.2	10.7	08.7	06.8	05.4	04.6	04.4	04.5	04.7	04.9	05.2	05.7	06.3	06.9	07.7	08.6	09.5	10.5	11.5	12.6	13.7	14.8	15.9	16.9	17.8	19.5
01	24.8	22.4	21.1	19.6	19.1	17.6	16.1	13.3	11.4	09.7	09.1	07.3	05.9	05.4	05.3	05.4	05.5	05.6	05.8	06.3	06.9	07.7	08.5	09.5	10.5	11.5	12.6	13.7	14.8	15.9	16.9	17.8	19.5
02	25.2	22.6	20.8	18.9	17.8	16.4	14.9	13.3	12.0	10.4	09.2	07.7	06.1	05.7	05.0	05.0	05.2	05.4	05.8	06.4	07.0	07.7	08.5	09.5	10.5	11.5	12.5	13.7	14.8	15.9	16.9	17.8	19.5
03	27.5	24.7	22.9	20.9	19.7	17.6	16.2	14.6	13.2	11.1	09.3	08.6	06.7	06.1	05.6	05.4	05.4	05.7	05.9	06.4	06.9	07.7	08.5	09.5	10.5	11.5	12.5	13.7	14.8	15.9	16.9	17.8	19.5
04	27.1	23.7	20.7	18.9	18.5	16.8	15.6	14.2	12.3	10.6	09.5	08.7	07.2	06.9	06.2	05.9	05.6	05.7	06.0	06.5	07.0	07.7	08.5	09.5	10.5	11.5	12.5	13.7	14.8	15.9	16.9	17.8	19.5
05	26.4	23.9	22.2	20.7	19.1	17.2	15.5	14.3	13.0	10.7	08.7	07.2	05.7	05.7	05.4	05.3	05.4	05.6	05.9	06.4	07.0	07.7	08.6	09.5	10.5	11.5	12.6	13.7	14.8	15.9	16.9	17.8	19.5
06	23.8	21.9	20.7	19.8	18.5	16.7	15.9	13.7	12.5	09.2	06.6	05.4	04.3	04.2	04.2	04.4	04.8	05.2	05.7	06.3	07.0	07.7	08.6	09.6	10.6	11.5	12.6	13.7	14.8	15.9	16.9	17.8	19.5
07	23.0	21.5	20.9	19.6	18.9	17.3	16.3	14.4	12.5	09.7	06.6	04.7	03.8	03.8	03.9	04.3	04.7	05.1	05.6	06.3	07.0	07.7	08.6	09.6	10.6	11.5	12.6	13.7	14.8	15.9	16.9	17.9	19.5
08	24.0	22.0	21.2	20.1	19.7	17.9	16.6	16.2	14.3	11.4	08.0	06.0	04.5	04.1	04.1	04.4	04.9	05.2	05.7	06.4	07.1	07.8	08.7	09.6	10.6	11.6	12.7	13.8	14.9	16.0	17.0	17.9	19.5
09	24.8	23.2	22.9	20.9	19.8	18.0	17.5	16.3	14.7	12.9	09.9	08.2	05.8	05.1	05.4	05.1	05.7	05.5	06.0	06.5	07.2	07.9	08.8	09.7	10.7	11.7	12.8	13.9	15.0	16.1	17.1	18.0	19.6
10	25.0	23.3	22.5	19.8	19.1	18.4	16.5	16.0	14.8	12.1	10.2	10.0	07.5	07.3	06.9	06.4	07.1	06.1	06.5	06.9	07.4	08.0	08.9	09.8	10.8	11.8	12.8	13.9	15.1	16.2	17.2	18.0	19.7
11	24.8	22.6	21.6	20.3	19.6	18.4	16.6	16.5	15.2	12.9	11.2	09.9	07.4	07.5	06.6	06.5	07.7	06.7	06.9	07.2	07.6	08.1	08.9	09.9	10.9	11.9	12.9	14.0	15.1	16.2	17.2	18.1	19.8
12	25.9	24.2	22.4	20.7	19.9	18.8	17.7	16.3	15.8	13.5	11.0	09.7	06.9	07.0	06.6	06.1	06.8	06.1	06.5	07.0	07.4	08.0	08.9	09.8	10.8	11.8	12.9	14.0	15.1	16.2	17.2	18.1	19.8
13	23.3	20.9	21.0	17.7	17.4	16.7	15.2	14.6	13.3	11.1	09.8	08.2	06.2	06.5	05.8	05.8	06.4	06.1	06.4	06.8	07.3	08.0	08.8	09.8	10.8	11.8	12.8	13.9	15.1	16.2	17.1	18.0	19.7
14	23.5	21.1	19.9	17.9	16.8	16.2	14.8	14.3	13.2	10.9	10.0	08.9	06.8	07.7	06.5	06.3	08.2	06.9	07.3	07.2	07.5	08.1	08.9	09.8	10.8	11.7	12.8	13.9	15.0	16.1	17.1	18.0	19.7
15	21.4	19.1	18.1	16.5	16.3	14.9	14.2	13.0	12.3	10.8	09.7	08.8	06.8	06.6	05.7	06.0	05.9	06.0	06.2	06.7	07.4	08.0	08.9	09.8	10.7	11.7	12.7	13.9	15.0	16.1	17.1	18.0	19.6
16	21.0	19.2	18.4	16.7	15.8	14.9	13.8	12.2	10.3	07.8	06.6	05.4	04.2	03.9	04.1	04.4	04.7	05.1	05.7	06.4	07.1	07.8	08.7	09.7	10.7	11.7	12.7	13.8	15.0	16.0	17.1	17.9	19.6
17	20.4	18.6	17.5	15.7	14.4	13.3	11.8	10.0	08.7	07.1	05.7	04.4	03.6	03.5	03.8	04.0	04.5	05.0	05.6	06.3	07.0	07.8	08.7	09.6	10.6	11.6	12.7	13.8	14.9	16.0	17.0	17.9	19.6
18	18.7	17.0	16.0	15.0	14.4	12.4	11.5	09.9	08.7	06.4	04.6	03.5	03.1	03.2	03.4	03.8	04.3	04.8	05.5	06.2	06.9	07.7	08.6	09.6	10.6	11.6	12.7	13.8	14.9	16.0	17.0	17.9	19.5
19	19.8	18.0	16.8	15.5	15.0	13.8	12.9	11.8	09.9	07.6	06.0	04.6	03.7	03.7	03.7	04.0	04.3	04.9	05.5	06.2	06.9	07.7	08.6	09.5	10.5	11.5	12.6	13.7	14.9	16.0	16.9	17.9	19.5
20	20.9	18.6	18.4	16.5	15.1	13.9	13.5	12.1	09.6	07.3	06.0	04.6	03.9	04.0	04.2	04.2	04.5	05.0	05.5	06.2	06.9	07.7	08.6	09.5	10.5	11.5	12.6	13.7	14.9	16.0	16.9	17.9	19.5
21	22.5	20.3	18.9	17.8	17.0	15.4	14.4	12.4	10.1	08.1	06.1	04.8	04.4	04.2	04.2	04.5	04.7	05.1	05.7	06.3	06.9	07.7	08.6	09.5	10.5	11.5	12.6	13.7	14.9	15.9	16.9	17.9	19.5
22	24.5	20.8	19.9	17.5	17.1	15.5	13.7	12.3	10.6	09.1	06.8	05.5	04.4	04.1	04.4	04.8	05.1	05.4	05.7	06.3	06.9	07.7	08.5	09.5	10.5	11.5	12.6	13.7	14.9	15.9	16.9	17.9	19.5
23	24.0	22.3	20.6	19.0	16.8	15.1	13.3	11.8	10.2	07.9	06.4	05.0	04.2	04.0	04.1	04.3	04.7	05.1	05.7	06.3	06.9	07.7	08.5	09.5	10.5	11.5	12.6	13.7	14.8	15.9	16.9	17.8	19.5

Lnat Contour Data, Spring (n = 681hrs)
Hr	12.5Hz	15.8Hz	20Hz	25Hz	31.5Hz	40Hz	50Hz	63Hz	80Hz	100Hz	125Hz	160Hz	200Hz	250Hz	315Hz	400Hz	500Hz	630Hz	800Hz	1000Hz	1250Hz	1600Hz	2000Hz	2500Hz	3150Hz	4000Hz	5000Hz	6300Hz	8000Hz	10000Hz	12500Hz	16000Hz	20000Hz
00	33.7	30.5	27.7	24.4	22.0	19.9	18.9	16.3	14.4	12.3	11.9	11.2	09.3	08.7	07.2	06.8	06.2	06.1	06.3	06.8	07.3	08.0	08.8	09.8	10.7	11.7	12.7	13.9	15.0	16.0	17.0	17.9	19.6
01	34.0	30.6	28.0	24.7	22.6	20.6	19.0	16.5	14.7	13.4	13.3	12.2	09.7	09.0	08.1	07.7	07.1	06.6	06.5	06.8	07.3	08.0	08.8	09.8	10.7	11.7	12.7	13.9	15.0	16.0	17.0	17.9	19.6
02	35.9	32.9	29.7	26.9	24.2	21.2	19.2	16.6	15.8	14.4	14.4	13.4	11.1	10.5	08.6	08.0	07.4	06.9	06.8	06.9	07.4	08.0	08.8	09.7	10.7	11.7	12.7	13.8	15.0	16.0	17.0	17.9	19.6
03	37.4	34.2	30.9	27.7	25.3	22.5	20.6	18.7	16.7	14.8	14.7	13.9	12.0	11.5	09.4	08.6	07.5	06.9	06.7	06.9	07.4	08.0	08.8	09.7	10.7	11.7	12.7	13.8	15.0	16.0	17.0	17.9	19.5
04	38.1	34.7	31.7	28.9	26.2	22.7	20.6	18.6	16.8	15.5	15.9	15.2	12.8	12.1	10.4	09.5	08.1	07.4	06.9	07.1	07.4	08.1	08.8	09.7	10.7	11.7	12.7	13.9	15.0	16.0	17.0	17.9	19.6
05	37.9	34.5	31.4	27.9	25.6	22.5	20.2	18.1	16.9	15.4	15.7	14.7	12.4	12.3	10.9	10.0	08.6	07.8	07.1	07.1	07.5	08.1	08.9	09.8	10.8	11.7	12.7	13.8	14.9	16.0	17.0	17.9	19.5
06	30.8	28.3	26.1	24.0	23.3	21.5	19.6	17.9	16.4	13.2	11.4	09.3	07.7	06.8	05.9	05.8	05.8	05.9	06.2	06.7	07.3	08.1	09.0	09.9	10.9	11.8	12.8	13.8	15.0	16.0	17.0	17.9	19.5
07	26.2	25.3	24.4	21.9	21.3	19.3	18.1	16.4	14.6	11.4	08.3	05.9	04.6	04.4	04.5	04.7	05.1	05.4	05.9	06.5	07.2	07.9	08.8	09.7	10.7	11.7	12.7	13.8	14.9	16.0	17.0	17.9	19.5
08	26.7	24.0	23.3	21.6	22.4	19.9	18.0	17.9	16.1	12.9	09.6	07.8	05.8	05.1	04.7	05.0	05.3	05.6	06.1	06.6	07.3	08.0	08.8	09.8	10.7	11.7	12.7	13.9	15.0	16.0	17.0	18.0	19.6
09	31.4	30.9	30.0	26.2	24.9	22.5	21.3	19.7	18.1	16.5	15.0	13.1	10.3	09.3	08.7	07.9	08.0	06.8	06.9	07.1	07.6	08.2	09.1	10.0	10.9	11.9	12.9	14.0	15.1	16.2	17.2	18.1	19.7
10	35.1	32.1	29.6	25.5	24.6	22.6	20.6	19.7	18.6	16.6	16.1	15.7	13.6	14.0	11.4	10.7	10.8	09.1	08.5	08.1	08.1	08.5	09.2	10.1	11.1	12.0	13.0	14.1	15.2	16.3	17.2	18.1	19.8
11	35.3	31.9	30.0	27.1	24.8	22.7	20.7	20.1	19.2	17.6	17.0	16.3	14.3	14.2	12.1	11.3	11.2	09.2	08.8	08.5	08.5	08.7	09.3	10.2	11.1	12.1	13.1	14.1	15.3	16.4	17.3	18.2	19.9
12	35.0	32.3	30.8	27.6	25.1	23.7	22.3	20.7	20.2	17.5	16.4	16.3	14.3	13.2	12.2	11.0	10.1	09.1	08.2	07.8	08.0	08.5	09.3	10.1	11.1	12.0	13.0	14.1	15.3	16.3	17.3	18.1	19.9
13	36.4	33.1	29.9	26.5	23.4	22.6	20.5	19.5	18.1	17.2	17.4	17.1	14.7	14.1	12.9	11.8	11.1	09.7	08.9	08.3	08.3	08.6	09.3	10.2	11.2	12.1	13.1	14.1	15.2	16.3	17.3	18.1	19.8
14	36.7	33.2	30.0	26.9	23.4	22.1	20.5	19.3	18.5	17.3	17.7	17.6	16.2	16.1	14.5	13.1	12.9	10.9	10.8	09.6	08.9	08.9	09.4	10.2	11.1	12.0	13.0	14.1	15.2	16.3	17.2	18.1	19.8
15	33.8	30.9	28.1	24.2	21.9	20.1	18.5	17.5	16.6	15.5	15.5	15.1	14.1	13.4	10.7	12.0	11.5	09.9	08.9	08.3	08.3	08.7	09.3	10.1	11.1	12.0	12.9	14.0	15.1	16.2	17.2	18.1	19.7
16	32.4	28.8	25.7	22.3	20.4	18.4	16.6	14.7	13.3	11.6	10.2	10.0	08.1	07.0	06.6	06.1	06.1	06.0	06.4	06.9	07.5	08.2	09.1	10.0	11.0	11.9	12.9	14.0	15.1	16.2	17.2	18.0	19.7
17	26.8	23.4	20.4	18.7	17.2	15.4	13.9	12.4	11.2	09.8	08.7	07.3	05.3	04.8	04.9	04.9	05.2	05.5	06.1	06.7	07.3	08.1	09.0	09.9	10.9	11.8	12.8	13.9	15.1	16.1	17.1	18.0	19.6
18	24.1	20.4	19.2	17.6	16.9	14.8	13.7	12.4	11.0	08.3	06.2	05.3	04.2	04.1	04.2	04.5	04.8	05.3	05.9	06.5	07.2	08.0	08.9	09.8	10.8	11.8	12.8	13.9	15.0	16.1	17.1	18.0	19.6
19	24.2	21.3	21.1	18.3	17.9	16.4	15.3	13.8	12.0	09.3	08.4	05.8	04.7	04.6	04.6	04.8	05.0	05.4	06.0	06.6	07.2	08.0	08.8	09.8	10.7	11.7	12.8	13.9	15.0	16.1	17.0	18.0	19.6
20	27.9	24.6	22.0	19.2	18.5	17.1	15.3	13.8	11.6	10.2	09.3	07.5	05.9	05.4	05.0	04.9	05.1	05.6	06.1	06.6	07.2	08.0	08.8	09.7	10.7	11.7	12.7	13.9	15.0	16.1	17.0	18.0	19.6
21	30.7	27.7	25.9	22.5	21.1	18.8	17.3	15.2	13.0	11.0	08.3	07.4	06.4	05.6	05.4	05.4	05.5	05.8	06.3	06.7	07.3	08.0	08.8	09.8	10.7	11.7	12.8	13.9	15.0	16.1	17.0	18.0	19.6
22	33.0	29.8	26.9	23.9	21.9	19.8	18.2	15.7	13.9	12.6	11.0	10.8	09.2	08.3	07.3	06.8	06.3	06.1	06.3	06.7	07.3	08.0	08.8	09.7	10.7	11.7	12.7	13.9	15.0	16.1	17.0	17.9	19.6
23	33.3	30.1	26.9	23.3	21.4	18.9	17.2	15.7	13.5	11.9	11.0	08.6	07.2	06.3	05.5	05.4	05.6	05.8	06.2	06.7	07.3	08.0	08.8	09.7	10.7	11.7	12.7	13.9	15.0	16.0	17.0	18.0	19.6

L50 Contour Data, Spring (n = 681hrs)
Hr	12.5Hz	15.8Hz	20Hz	25Hz	31.5Hz	40Hz	50Hz	63Hz	80Hz	100Hz	125Hz	160Hz	200Hz	250Hz	315Hz	400Hz	500Hz	630Hz	800Hz	1000Hz	1250Hz	1600Hz	2000Hz	2500Hz	3150Hz	4000Hz	5000Hz	6300Hz	8000Hz	10000Hz	12500Hz	16000Hz	20000Hz
00	33.9	30.7	27.8	24.6	22.0	19.9	19.0	16.3	14.4	12.4	11.9	11.3	09.5	08.8	07.4	06.9	06.3	06.2	06.3	06.8	07.3	08.0	08.8	09.8	10.7	11.7	12.7	13.9	15.0	16.0	17.0	17.9	19.6
01	34.2	30.8	28.1	24.9	22.7	20.6	19.0	16.6	14.7	13.5	13.5	12.3	09.9	09.2	08.2	07.8	07.1	06.6	06.5	06.8	07.3	08.0	08.8	09.8	10.7	11.7	12.7	13.9	15.0	16.0	17.0	17.9	19.6
02	36.2	33.1	29.9	27.0	24.4	21.4	19.3	16.7	15.9	14.5	14.5	13.5	11.2	10.6	08.7	08.1	07.5	07.0	06.8	07.0	07.4	08.0	08.8	09.7	10.7	11.7	12.7	13.8	15.0	16.0	17.0	17.9	19.6
03	37.8	34.5	31.4	28.1	25.6	22.8	20.8	18.9	16.8	14.9	14.9	14.1	12.2	11.6	09.5	08.7	07.6	07.0	06.8	07.0	07.4	08.0	08.8	09.7	10.7	11.7	12.7	13.9	15.0	16.0	17.0	17.9	19.6
04	38.3	34.9	32.0	29.1	26.3	22.9	20.7	18.7	17.0	15.7	16.0	15.3	13.0	12.2	10.5	09.6	08.2	07.5	07.0	07.1	07.5	08.1	08.8	09.7	10.7	11.7	12.7	13.9	15.0	16.0	17.0	17.9	19.6
05	39.1	35.8	32.5	28.9	26.3	23.1	20.7	18.5	17.3	15.9	16.3	15.4	13.1	13.2	11.7	10.7	09.2	08.1	07.3	07.2	07.5	08.1	09.0	09.9	10.8	11.8	12.7	13.9	15.0	16.0	17.0	17.9	19.5
06	31.4	28.7	26.6	24.2	23.7	22.0	19.8	18.1	16.7	13.5	11.9	09.8	08.0	07.3	06.4	06.1	05.9	06.0	06.3	06.8	07.4	08.1	09.1	10.0	10.9	11.8	12.8	13.9	15.0	16.0	17.0	17.9	19.5
07	29.4	29.0	28.1	25.3	25.0	23.2	21.7	20.5	17.5	14.4	11.4	07.8	05.9	05.4	05.1	05.2	05.4	05.7	06.2	06.8	07.4	08.1	09.0	09.9	10.8	11.8	12.8	13.9	15.0	16.0	17.0	18.0	19.6
08	31.1	28.7	27.3	24.9	25.3	21.9	20.2	20.9	18.6	15.4	12.5	11.0	08.2	07.0	06.3	06.0	06.2	06.0	06.5	07.0	07.5	08.2	09.0	09.9	10.9	11.8	12.9	13.9	15.0	16.1	17.1	18.0	19.6
09	34.9	33.9	32.5	28.5	27.2	25.2	23.2	21.5	19.8	18.4	17.2	15.8	13.4	12.7	11.3	10.0	10.0	07.9	07.9	07.6	07.8	08.4	09.2	10.1	11.0	12.0	13.0	14.0	15.2	16.2	17.2	18.1	19.8
10	37.8	34.8	32.1	27.9	26.5	24.2	21.8	20.8	19.6	17.9	17.6	17.5	15.4	15.5	13.4	12.3	12.1	09.9	09.3	08.5	08.5	08.6	09.3	10.1	11.1	12.1	13.1	14.2	15.3	16.3	17.3	18.1	19.8
11	37.9	34.6	32.0	28.8	26.4	24.6	22.5	21.5	20.4	18.9	18.6	18.0	16.1	16.3	14.1	13.2	12.8	10.8	10.0	09.2	08.9	08.9	09.5	10.3	11.2	12.2	13.2	14.2	15.3	16.4	17.3	18.2	19.9
12	37.6	34.7	32.4	29.5	26.2	24.9	23.3	21.7	21.0	18.4	17.8	17.6	15.6	14.7	13.7	12.5	11.4	10.1	09.0	08.4	08.3	08.6	09.4	10.2	11.2	12.1	13.1	14.2	15.3	16.4	17.3	18.2	19.9
13	37.1	33.9	30.7	27.3	24.0	23.0	20.9	19.8	18.5	17.5	17.9	17.7	15.4	14.7	13.6	12.4	11.5	10.2	09.2	08.6	08.4	08.7	09.4	10.2	11.2	12.1	13.1	14.1	15.2	16.3	17.3	18.1	19.8
14	36.7	33.2	30.0	26.9	23.4	22.1	20.5	19.3	18.5	17.3	17.7	17.6	16.2	16.1	14.5	13.1	12.9	10.9	10.8	09.6	08.9	08.9	09.4	10.2	11.1	12.0	13.0	14.1	15.2	16.3	17.2	18.1	19.8
15	34.1	31.3	28.3	24.5	22.1	20.2	18.6	17.6	16.7	15.6	15.7	15.2	14.2	13.5	10.9	12.2	11.7	10.0	09.0	08.4	08.4	08.7	09.3	10.1	11.1	12.0	13.0	14.0	15.1	16.2	17.2	18.1	19.7
16	33.2	29.5	26.4	22.9	20.9	18.5	16.8	14.8	13.3	11.8	10.6	10.4	08.3	07.3	06.9	06.3	06.2	06.1	06.4	07.0	07.6	08.3	09.1	10.0	11.0	11.9	12.9	14.0	15.1	16.2	17.2	18.0	19.7
17	28.6	25.1	21.5	19.2	17.9	16.5	15.0	13.4	12.2	11.0	09.8	08.9	05.9	05.2	05.6	05.3	05.5	05.7	06.2	06.8	07.4	08.2	09.1	10.0	11.0	11.9	12.9	14.0	15.1	16.1	17.1	18.0	19.7
18	25.3	21.8	19.9	18.0	17.5	15.2	14.3	12.7	11.4	08.8	07.2	05.6	04.5	04.3	04.3	04.6	04.9	05.4	05.9	06.6	07.3	08.1	08.9	09.9	10.9	11.8	12.8	13.9	15.0	16.1	17.1	18.0	19.6
19	24.6	21.6	21.8	18.5	18.1	16.6	15.5	14.0	12.2	09.4	08.5	05.9	04.8	04.7	04.7	04.9	05.1	05.4	06.0	06.6	07.2	08.0	08.8	09.8	10.7	11.7	12.8	13.9	15.0	16.1	17.1	18.0	19.6
20	29.0	26.0	23.9	20.2	18.8	17.4	15.6	14.0	12.1	10.6	10.3	08.2	06.4	05.8	05.2	05.1	05.3	05.7	06.1	06.6	07.3	08.0	08.8	09.8	10.7	11.7	12.8	13.9	15.0	16.1	17.0	18.0	19.6
21	31.3	28.3	26.6	23.1	21.4	19.1	17.5	15.3	13.2	11.1	08.4	07.6	06.5	05.7	05.5	05.4	05.5	05.8	06.4	06.7	07.3	08.0	08.8	09.8	10.7	11.7	12.8	13.9	15.0	16.1	17.0	18.0	19.6
22	33.8	30.5	27.4	24.5	22.3	20.1	18.5	16.0	14.2	12.9	11.4	11.2	09.7	08.8	07.5	07.0	06.4	06.2	06.3	06.8	07.4	08.0	08.8	09.8	10.7	11.7	12.7	13.9	15.0	16.1	17.0	18.0	19.6
23	33.6	30.5	27.3	23.7	21.6	19.0	17.6	15.8	13.6	12.5	11.3	08.8	07.4	06.5	05.7	05.5	05.7	05.9	06.3	06.7	07.3	08.0	08.8	09.7	10.7	11.7	12.7	13.9	15.0	16.0	17.0	18.0	19.6

L05 Contour Data, Spring (n = 681hrs)
Hr	12.5Hz	15.8Hz	20Hz	25Hz	31.5Hz	40Hz	50Hz	63Hz	80Hz	100Hz	125Hz	160Hz	200Hz	250Hz	315Hz	400Hz	500Hz	630Hz	800Hz	1000Hz	1250Hz	1600Hz	2000Hz	2500Hz	3150Hz	4000Hz	5000Hz	6300Hz	8000Hz	10000Hz	12500Hz	16000Hz	20000Hz
00	47.0	43.8	40.4	36.9	33.1	30.7	27.0	23.5	21.2	19.7	19.3	19.0	17.7	16.6	14.4	13.2	11.4	09.9	08.5	07.9	07.9	08.6	09.3	10.1	11.0	12.0	13.0	14.1	15.2	16.2	17.2	18.1	19.7
01	47.5	44.0	40.6	37.2	33.7	30.4	27.3	23.9	21.1	19.6	19.5	19.1	17.7	16.6	14.9	13.8	12.2	10.7	09.1	08.3	08.4	08.6	09.3	10.1	11.0	12.0	13.0	14.1	15.2	16.2	17.1	18.1	19.7
02	49.9	46.5	43.4	39.9	36.6	33.2	29.7	26.2	23.7	21.9	22.2	21.6	20.6	20.1	17.1	15.9	14.0	12.1	10.3	08.8	08.3	08.5	09.2	10.1	11.0	11.9	12.9	14.1	15.2	16.2	17.1	18.1	19.7
03	51.3	47.7	44.0	40.3	36.9	33.3	29.9	26.9	24.6	22.2	22.1	21.6	20.1	19.4	17.6	16.0	14.3	12.4	10.4	09.0	08.4	08.6	09.2	10.1	11.0	12.0	13.0	14.1	15.2	16.2	17.1	18.1	19.7
04	51.4	48.1	44.5	41.1	37.8	34.5	31.0	28.0	24.8	22.8	22.4	21.7	20.8	20.2	18.1	16.8	14.9	13.1	11.1	09.4	08.7	08.8	09.2	10.1	11.0	11.9	13.0	14.1	15.1	16.2	17.1	18.1	19.7
05	51.6	48.2	44.6	41.3	37.8	34.0	30.5	27.1	24.9	23.0	22.3	21.4	20.8	20.2	18.5	17.1	15.2	13.4	11.2	09.9	09.1	09.1	11.4	13.3	15.1	17.2	16.6	14.1	15.1	16.2	17.1	18.1	19.7
06	48.4	44.8	41.6	38.3	35.4	32.1	28.9	24.9	23.6	21.9	20.4	19.8	18.4	17.5	15.2	14.9	13.2	11.0	09.9	09.0	08.8	10.3	13.8	15.8	17.7	18.5	16.9	14.2	15.2	16.2	17.1	18.1	19.7
07	42.7	47.3	47.9	39.4	39.3	42.0	39.8	38.7	36.7	32.0	30.5	26.4	25.2	26.1	27.6	26.8	24.8	21.7	18.5	14.8	11.9	11.6	14.2	15.8	16.9	18.5	16.5	14.3	15.2	16.2	17.2	18.1	19.7
08	46.0	42.8	39.8	42.2	41.4	33.7	36.8	38.8	35.1	35.1	32.4	29.2	28.7	26.1	26.9	25.4	24.0	21.9	17.8	13.9	11.3	11.0	12.3	14.5	16.4	17.2	16.1	14.3	15.3	16.3	17.3	18.2	19.8
09	51.6	49.5	48.7	42.2	40.0	40.4	37.3	34.7	32.8	29.8	28.6	27.9	26.6	26.8	26.6	25.6	24.8	22.8	20.8	17.9	14.9	12.3	13.4	14.5	16.1	17.7	16.1	14.5	15.5	16.5	17.4	18.2	19.9
10	53.8	50.8	47.7	44.7	41.4	38.2	34.2	32.2	29.0	27.8	28.4	28.9	27.3	27.5	26.8	25.6	25.0	22.7	20.6	18.2	16.8	14.0	14.0	14.7	16.2	16.7	15.1	14.7	15.6	16.6	17.5	18.3	20.0
11	53.0	50.0	47.1	44.5	44.1	40.0	35.7	37.4	31.4	32.1	31.4	30.1	28.5	28.7	28.0	27.2	26.1	24.1	22.1	19.6	17.5	15.6	15.0	15.3	17.6	17.3	15.5	14.9	15.7	16.7	17.5	18.3	20.1
12	53.1	50.3	48.4	44.3	42.2	38.8	36.0	33.3	31.6	29.6	29.4	29.7	28.4	28.7	28.0	27.7	26.9	25.0	23.4	21.5	19.5	17.2	15.9	15.6	17.7	17.6	15.5	15.0	15.7	16.7	17.5	18.3	20.1
13	53.7	50.9	47.7	44.6	41.6	38.3	35.1	31.6	29.5	28.0	28.8	28.8	27.2	27.7	27.3	26.5	25.8	24.1	22.3	20.2	18.1	16.8	15.6	15.6	16.9	17.9	16.6	15.0	15.7	16.7	17.5	18.3	20.0
14	51.5	48.5	45.5	43.1	40.4	37.5	34.6	32.9	30.4	28.3	27.8	27.8	27.2	27.9	28.1	27.3	26.8	24.7	22.9	21.2	19.2	17.1	15.5	15.3	16.6	16.9	15.6	14.9	15.6	16.6	17.4	18.3	19.9
15	50.8	47.9	44.5	42.0	38.5	35.4	31.7	29.0	27.9	26.9	26.6	27.4	25.3	25.1	23.9	23.4	23.2	19.6	18.4	16.9	15.2	14.1	14.1	15.9	18.6	18.1	16.0	14.6	15.4	16.4	17.4	18.2	19.9
16	49.3	46.4	42.8	39.5	35.8	32.4	28.6	24.7	24.3	21.1	21.2	21.1	18.8	18.5	17.8	15.3	15.3	12.3	12.4	12.2	12.3	11.5	15.9	17.6	19.7	19.6	16.1	14.7	15.4	16.4	17.4	18.2	19.8
17	44.3	43.0	40.9	37.1	33.5	29.7	25.8	23.6	21.4	20.7	20.9	19.5	16.9	16.8	16.7	15.2	14.6	11.4	10.8	09.9	09.9	12.5	15.9	14.8	18.8	16.7	14.9	14.4	15.3	16.3	17.3	18.2	19.8
18	38.3	34.7	31.5	28.6	27.1	24.0	21.7	20.5	18.9	16.4	14.5	13.3	11.1	11.0	09.8	09.0	08.3	07.2	07.0	07.5	07.9	09.1	12.3	12.8	16.3	15.9	15.3	14.3	15.2	16.3	17.2	18.2	19.7
19	38.6	34.7	30.9	27.4	26.0	24.2	22.1	19.8	18.1	15.9	12.7	11.5	09.5	08.7	07.5	06.7	06.3	06.2	06.8	07.2	07.7	08.4	09.2	10.1	11.0	12.0	13.0	14.1	15.2	16.3	17.2	18.1	19.7
20	41.5	37.9	34.7	31.6	28.5	26.4	23.3	20.4	18.7	17.0	16.3	15.8	12.5	11.6	09.7	08.8	08.4	08.1	07.3	07.3	07.9	08.4	09.2	10.1	11.0	12.0	13.0	14.1	15.2	16.2	17.2	18.1	19.7
21	44.0	41.0	37.6	34.5	30.7	27.2	23.8	21.1	18.1	16.5	16.3	15.8	13.2	12.6	10.3	09.7	08.8	08.8	08.6	08.6	08.5	09.5	09.8	10.3	11.1	12.0	13.0	14.1	15.2	16.3	17.2	18.1	19.7
22	45.7	41.8	38.4	35.0	31.7	28.7	26.2	22.8	20.1	18.1	18.1	17.5	15.7	13.6	12.0	10.8	09.2	08.1	07.8	08.1	08.1	08.5	09.2	10.1	11.0	12.0	13.0	14.1	15.2	16.2	17.2	18.1	19.7
23	47.9	44.2	41.1	37.6	34.0	30.4	27.5	24.4	22.3	19.4	18.9	18.3	16.8	15.9	13.2	12.1	10.3	10.0	08.9	08.0	08.1	08.5	09.2	10.1	11.0	12.0	13.0	14.1	15.2	16.2	17.2	18.1	19.7

SPLAT Detailed Event Audibility, Spring (n = 8 days)
Src	00h	01h	02h	03h	04h	05h	06h	07h	08h	09h	10h	11h	12h	13h	14h	15h	16h	17h	18h	19h	20h	21h	22h	23h
1	0.0	0.0	0.0	0.0	0.0	4.0	0.0	0.0	0.0	2.5	8.6	7.6	4.5	2.5	0.0	0.0	3.3	11.1	6.5	4.5	4.5	0.0	1.2	0.0
1.1	2.7	2.1	1.3	4.5	2.6	5.3	2.1	0.0	0.0	0.0	1.4	1.3	0.0	0.6	0.0	1.9	1.5	0.0	0.0	1.2	4.5	6.3	6.2	3.6
1.2	0.0	0.0	0.0	0.0	0.0	0.0	4.3	0.0	3.1	6.0	2.9	0.2	2.0	3.6	0.0	0.0	0.0	4.4	7.5	1.4	0.0	0.0	0.0	0.0
1.3	0.0	0.0	0.0	0.0	0.0	0.0	1.0	46.8	47.0	23.3	7.0	11.6	10.3	0.0	0.0	0.0	0.0	1.6	1.0	0.0	0.0	0.0	0.0	0.0

SPLAT Detailed Average Event Counts, Spring (n = 8 days)
Source	1	1.1	1.2	1.3
Day	4.4	1	3	21.8
Night	1.1	9.5	0.9	0.2
24hr	5.5	10.5	3.9	22

SPLAT Detailed Average Event Lengths, Spring (n = 8 days)
Source	1	1.1	1.2	1.3
Day	403.4	243.9	465.8	496.8
Night	582.1	282.6	409.6	287
24hr	439.9	278.9	453.1	494.4

SPLAT Categorical Event Audibility, Spring (n = 8 days)
Src	00h	01h	02h	03h	04h	05h	06h	07h	08h	09h	10h	11h	12h	13h	14h	15h	16h	17h	18h	19h	20h	21h	22h	23h
1	2.7	2.1	1.3	4.5	2.6	9.3	6.4	46.8	50.2	27.5	19.9	20.7	16.9	6.6	0.0	1.9	4.8	17.1	14.9	5.9	9.0	6.3	7.4	3.6

Percent Time Audible, Spring
Hr	Total	SoI
00	2.7	2.7
01	2.1	2.1
02	1.3	1.3
03	4.5	4.5
04	2.6	2.6
05	9.3	9.3
06	6.4	6.4
07	46.8	46.8
08	50.2	50.2
09	27.5	27.5
10	19.9	19.9
11	20.7	20.7
12	16.9	16.9
13	6.6	6.6
14	0.0	0.0
15	1.9	1.9
16	4.8	4.8
17	17.1	17.1
18	14.9	14.9
19	5.9	5.9
20	9.0	9.0
21	6.3	6.3
22	7.4	7.4
23	3.6	3.6

